cone
3
#ORIGINAL
16
-0.55536036727	0.785398163397	0.55536036727
0.55536036727	0.785398163397	0.55536036727
0.55536036727	0.785398163397	-0.55536036727
-0.55536036727	0.785398163397	-0.55536036727
0.55536036727	-0.785398163397	-0.55536036727
-0.55536036727	-0.785398163397	-0.55536036727
-0.55536036727	-0.785398163397	0.55536036727
0.55536036727	-0.785398163397	0.55536036727
1.66608110181	-2.35619449019	-1.66608110181
-1.66608110181	-2.35619449019	-1.66608110181
-1.66608110181	-2.35619449019	1.66608110181
1.66608110181	-2.35619449019	1.66608110181
2.77680183635	-3.92699081699	-2.77680183635
-2.77680183635	-3.92699081699	-2.77680183635
-2.77680183635	-3.92699081699	2.77680183635
2.77680183635	-3.92699081699	2.77680183635
4
4	0	1	5	4	
4	1	2	6	5	
4	2	3	7	6	
4	3	0	4	7	
8
0	1
1	2
2	3
3	0
12	13
13	14
14	15
15	12
8
0	2
1	2
2	2
3	2
12	2
13	2
14	2
15	2
#END