hyperbola
3
#ORIGINAL
16
-24.7049855379	34.31599568	24.7049855379
24.7049855379	34.31599568	24.7049855379
24.7049855379	34.31599568	-24.7049855379
-24.7049855379	34.31599568	-24.7049855379
-6.14803159607	5.70188772839	6.14803159607
6.14803159607	5.70188772839	6.14803159607
6.14803159607	5.70188772839	-6.14803159607
-6.14803159607	5.70188772839	-6.14803159607
-6.14803159607	-5.70188772839	6.14803159607
6.14803159607	-5.70188772839	6.14803159607
6.14803159607	-5.70188772839	-6.14803159607
-6.14803159607	-5.70188772839	-6.14803159607
-24.7049855379	-34.31599568	24.7049855379
24.7049855379	-34.31599568	24.7049855379
24.7049855379	-34.31599568	-24.7049855379
-24.7049855379	-34.31599568	-24.7049855379
4
4	0	1	5	4	
4	1	2	6	5	
4	2	3	7	6	
4	3	0	4	7	
8
0	1
1	2
2	3
3	0
12	13
13	14
14	15
15	12
8
0	2
1	2
2	2
3	2
12	2
13	2
14	2
15	2
#END