parabola
3
#ORIGINAL
12
0.55536036727	0.0	-0.55536036727
-0.55536036727	0.0	-0.55536036727
-0.55536036727	0.0	0.55536036727
0.55536036727	0.0	0.55536036727
1.66608110181	4.93480220054	-1.66608110181
-1.66608110181	4.93480220054	-1.66608110181
-1.66608110181	4.93480220054	1.66608110181
1.66608110181	4.93480220054	1.66608110181
2.77680183635	14.8044066016	-2.77680183635
-2.77680183635	14.8044066016	-2.77680183635
-2.77680183635	14.8044066016	2.77680183635
2.77680183635	14.8044066016	2.77680183635
5
4	0	1	5	4	
4	1	2	6	5	
4	2	3	7	6	
4	3	0	4	7	
4	0	1	2	3	
4
8	9
9	10
10	11
11	8
4
8	2
9	2
10	2
11	2
#END