allkinds
3
#ORIGINAL
64
-0.900316316157	33.7732395447	0.900316316157
0.900316316157	33.7732395447	0.900316316157
0.900316316157	33.7732395447	-0.900316316157
-0.900316316157	33.7732395447	-0.900316316157
-0.900316316157	31.2267604553	0.900316316157
0.900316316157	31.2267604553	0.900316316157
0.900316316157	31.2267604553	-0.900316316157
-0.900316316157	31.2267604553	-0.900316316157
-0.55536036727	30.7853981634	0.55536036727
0.55536036727	30.7853981634	0.55536036727
0.55536036727	30.7853981634	-0.55536036727
-0.55536036727	30.7853981634	-0.55536036727
0.55536036727	29.2146018366	-0.55536036727
-0.55536036727	29.2146018366	-0.55536036727
-0.55536036727	29.2146018366	0.55536036727
0.55536036727	29.2146018366	0.55536036727
1.66608110181	27.6438055098	-1.66608110181
-1.66608110181	27.6438055098	-1.66608110181
-1.66608110181	27.6438055098	1.66608110181
1.66608110181	27.6438055098	1.66608110181
2.77680183635	26.073009183	-2.77680183635
-2.77680183635	26.073009183	-2.77680183635
-2.77680183635	26.073009183	2.77680183635
2.77680183635	26.073009183	2.77680183635
2.47049855379	25.431599568	-2.47049855379
-2.47049855379	25.431599568	-2.47049855379
-2.47049855379	25.431599568	2.47049855379
2.47049855379	25.431599568	2.47049855379
0.614803159607	22.5701887728	-0.614803159607
-0.614803159607	22.5701887728	-0.614803159607
-0.614803159607	22.5701887728	0.614803159607
0.614803159607	22.5701887728	0.614803159607
0.614803159607	21.4298112272	-0.614803159607
-0.614803159607	21.4298112272	-0.614803159607
-0.614803159607	21.4298112272	0.614803159607
0.614803159607	21.4298112272	0.614803159607
2.47049855379	18.568400432	-2.47049855379
-2.47049855379	18.568400432	-2.47049855379
-2.47049855379	18.568400432	2.47049855379
2.47049855379	18.568400432	2.47049855379
3.53553390593	17.426990817	-3.53553390593
-3.53553390593	17.426990817	-3.53553390593
-3.53553390593	17.426990817	3.53553390593
3.53553390593	17.426990817	3.53553390593
3.53553390593	9.57300918301	-3.53553390593
-3.53553390593	9.57300918301	-3.53553390593
-3.53553390593	9.57300918301	3.53553390593
3.53553390593	9.57300918301	3.53553390593
3.53553390593	1.71902754904	-3.53553390593
-3.53553390593	1.71902754904	-3.53553390593
-3.53553390593	1.71902754904	3.53553390593
3.53553390593	1.71902754904	3.53553390593
2.77680183635	-17.426990817	-2.77680183635
-2.77680183635	-17.426990817	-2.77680183635
-2.77680183635	-17.426990817	2.77680183635
2.77680183635	-17.426990817	2.77680183635
1.66608110181	-15.8561944902	-1.66608110181
-1.66608110181	-15.8561944902	-1.66608110181
-1.66608110181	-15.8561944902	1.66608110181
1.66608110181	-15.8561944902	1.66608110181
0.55536036727	-14.2853981634	-0.55536036727
-0.55536036727	-14.2853981634	-0.55536036727
-0.55536036727	-14.2853981634	0.55536036727
0.55536036727	-14.2853981634	0.55536036727
6
4	0	1	5	4	
4	1	2	6	5	
4	2	3	7	6	
4	3	0	4	7	
4	0	1	2	3	
4	60	61	62	63	
0
0
#END