cylinder
3
#ORIGINAL
12
0.707106781187	-1.5707963268	-0.707106781187
-0.707106781187	-1.5707963268	-0.707106781187
-0.707106781187	-1.5707963268	0.707106781187
0.707106781187	-1.5707963268	0.707106781187
0.707106781187	-4.48308057344e-13	-0.707106781187
-0.707106781187	-4.48308057344e-13	-0.707106781187
-0.707106781187	-4.48308057344e-13	0.707106781187
0.707106781187	-4.48308057344e-13	0.707106781187
0.707106781187	1.57079632679	-0.707106781187
-0.707106781187	1.57079632679	-0.707106781187
-0.707106781187	1.57079632679	0.707106781187
0.707106781187	1.57079632679	0.707106781187
8
4	0	1	5	4	
4	1	2	6	5	
4	2	3	7	6	
4	3	0	4	7	
4	4	5	9	8	
4	5	6	10	9	
4	6	7	11	10	
4	7	4	8	11	
8
0	1
1	2
2	3
3	0
8	9
9	10
10	11
11	8
8
0	2
1	2
2	2
3	2
8	2
9	2
10	2
11	2
#END