debug2.txt
3
#ORIGINAL
54
0.889279	0.389279	-0.707107	
-0.110721	1.38928	-0.707107	
-0.110721	1.38928	0.707107	
0.889279	0.389279	0.707107	
2	1.5	-0.707107	
1	2.5	-0.707107	
1	2.5	0.707107	
2	1.5	0.707107	
3.11072	2.61072	-0.707107	
2.11072	3.61072	-0.707107	
2.11072	3.61072	0.707107	
3.11072	2.61072	0.707107	
-0.110721	-1.38928	-0.707107	
0.889279	-0.389279	-0.707107	
0.889279	-0.389279	0.707107	
-0.110721	-1.38928	0.707107	
1	-2.5	-0.707107	
2	-1.5	-0.707107	
2	-1.5	0.707107	
1	-2.5	0.707107	
2.11072	-3.61072	-0.707107	
3.11072	-2.61072	-0.707107	
3.11072	-2.61072	0.707107	
2.11072	-3.61072	0.707107	
-1.4292	0.707107	-0.707107	
-1.4292	-0.707107	-0.707107	
-1.4292	-0.707107	0.707107	
-1.4292	0.707107	0.707107	
-3	0.707107	-0.707107	
-3	-0.707107	-0.707107	
-3	-0.707107	0.707107	
-3	0.707107	0.707107	
-4.5708	0.707107	-0.707107	
-4.5708	-0.707107	-0.707107	
-4.5708	-0.707107	0.707107	
-4.5708	0.707107	0.707107	
-0.0856741	0.22232	0.707107	
-0.0856741	-0.22232	0.707107	
-0.540295	-1.14492e-16	0.707107	
-0.587453	0.607576	0.707107	
-0.712453	0.909353	0.707107	
-0.587453	-0.607576	0.707107	
-0.712453	-0.909353	0.707107	
0.361599	0	0.707107	
0.611599	0	0.707107	
-0.0856741	0.22232	-0.707107	
-0.0856741	-0.22232	-0.707107	
-0.540295	-8.67362e-17	-0.707107	
0.361599	-1.11022e-16	-0.707107	
0.611599	-1.11022e-16	-0.707107	
-0.587453	-0.607576	-0.707107	
-0.712453	-0.909353	-0.707107	
-0.587453	0.607576	-0.707107	
-0.712453	0.909353	-0.707107	
50
4	0	1	5	4	
4	1	2	6	5	
4	2	3	7	6	
4	3	0	4	7	
4	4	5	9	8	
4	5	6	10	9	
4	6	7	11	10	
4	7	4	8	11	
4	12	13	17	16	
4	13	14	18	17	
4	14	15	19	18	
4	15	12	16	19	
4	16	17	21	20	
4	17	18	22	21	
4	18	19	23	22	
4	19	16	20	23	
4	24	25	29	28	
4	25	26	30	29	
4	26	27	31	30	
4	27	24	28	31	
4	28	29	33	32	
4	29	30	34	33	
4	30	31	35	34	
4	31	28	32	35	
4	44	3	2	40	
3	36	44	40	
3	36	40	38	
4	40	27	26	42	
3	38	40	42	
3	38	42	37	
4	42	15	14	44	
3	37	42	44	
3	37	44	36	
3	36	38	37	
4	53	1	0	49	
3	45	53	49	
3	45	49	46	
4	49	13	12	51	
3	46	49	51	
3	46	51	47	
4	51	25	24	53	
3	47	51	53	
3	47	53	45	
3	45	46	47	
4	1	53	40	2	
4	53	24	27	40	
4	25	51	42	26	
4	51	12	15	42	
4	13	49	44	14	
4	49	0	3	44	
12
9	8
10	9
11	10
8	11
21	20
22	21
23	22
20	23
33	32
34	33
35	34
32	35
12
8	2
9	2
10	2
11	2
20	2
21	2
22	2
23	2
32	2
33	2
34	2
35	2

#CURRENT	1
186
0.916959	0.916959	-0.707107	
0.416959	1.41696	-0.707107	
0.97232	1.97232	-0.707107	
1.47232	1.47232	-0.707107	
0.166959	1.66696	-0.353553	
0.166959	1.66696	0.353553	
0.72232	2.22232	0.353553	
0.72232	2.22232	-0.353553	
0.416959	1.41696	0.707107	
0.916959	0.916959	0.707107	
1.47232	1.47232	0.707107	
0.97232	1.97232	0.707107	
1.16696	0.666959	0.353553	
1.16696	0.666959	-0.353553	
1.72232	1.22232	-0.353553	
1.72232	1.22232	0.353553	
2.02768	2.02768	-0.707107	
1.52768	2.52768	-0.707107	
2.08304	3.08304	-0.707107	
2.58304	2.58304	-0.707107	
1.27768	2.77768	-0.353553	
1.27768	2.77768	0.353553	
1.83304	3.33304	0.353553	
1.83304	3.33304	-0.353553	
1.52768	2.52768	0.707107	
2.02768	2.02768	0.707107	
2.58304	2.58304	0.707107	
2.08304	3.08304	0.707107	
2.27768	1.77768	0.353553	
2.27768	1.77768	-0.353553	
2.83304	2.33304	-0.353553	
2.83304	2.33304	0.353553	
0.416959	-1.41696	-0.707107	
0.916959	-0.916959	-0.707107	
1.47232	-1.47232	-0.707107	
0.97232	-1.97232	-0.707107	
1.16696	-0.666959	-0.353553	
1.16696	-0.666959	0.353553	
1.72232	-1.22232	0.353553	
1.72232	-1.22232	-0.353553	
0.916959	-0.916959	0.707107	
0.416959	-1.41696	0.707107	
0.97232	-1.97232	0.707107	
1.47232	-1.47232	0.707107	
0.166959	-1.66696	0.353553	
0.166959	-1.66696	-0.353553	
0.72232	-2.22232	-0.353553	
0.72232	-2.22232	0.353553	
1.52768	-2.52768	-0.707107	
2.02768	-2.02768	-0.707107	
2.58304	-2.58304	-0.707107	
2.08304	-3.08304	-0.707107	
2.27768	-1.77768	-0.353553	
2.27768	-1.77768	0.353553	
2.83304	-2.33304	0.353553	
2.83304	-2.33304	-0.353553	
2.02768	-2.02768	0.707107	
1.52768	-2.52768	0.707107	
2.08304	-3.08304	0.707107	
2.58304	-2.58304	0.707107	
1.27768	-2.77768	0.353553	
1.27768	-2.77768	-0.353553	
1.83304	-3.33304	-0.353553	
1.83304	-3.33304	0.353553	
-1.8219	0.353553	-0.707107	
-1.8219	-0.353553	-0.707107	
-2.6073	-0.353553	-0.707107	
-2.6073	0.353553	-0.707107	
-1.8219	-0.707107	-0.353553	
-1.8219	-0.707107	0.353553	
-2.6073	-0.707107	0.353553	
-2.6073	-0.707107	-0.353553	
-1.8219	-0.353553	0.707107	
-1.8219	0.353553	0.707107	
-2.6073	0.353553	0.707107	
-2.6073	-0.353553	0.707107	
-1.8219	0.707107	0.353553	
-1.8219	0.707107	-0.353553	
-2.6073	0.707107	-0.353553	
-2.6073	0.707107	0.353553	
-3.3927	0.353553	-0.707107	
-3.3927	-0.353553	-0.707107	
-4.1781	-0.353553	-0.707107	
-4.1781	0.353553	-0.707107	
-3.3927	-0.707107	-0.353553	
-3.3927	-0.707107	0.353553	
-4.1781	-0.707107	0.353553	
-4.1781	-0.707107	-0.353553	
-3.3927	-0.353553	0.707107	
-3.3927	0.353553	0.707107	
-4.1781	0.353553	0.707107	
-4.1781	-0.353553	0.707107	
-3.3927	0.707107	0.353553	
-3.3927	0.707107	-0.353553	
-4.1781	0.707107	-0.353553	
-4.1781	0.707107	0.353553	
0.370259	0.330323	0.707107	
0.549606	0.536294	0.707107	
0.0090995	1.02496	0.707107	
-0.25126	0.796331	0.707107	
-0.0709878	0.319135	0.707107	
0.19049	0.235765	0.707107	
-0.30603	0.576773	0.707107	
-0.310966	0.319135	0.707107	
-0.546008	0.576773	0.707107	
-0.481448	0.235765	0.707107	
-0.89164	0.429396	0.707107	
-1.25002	0.378834	0.707107	
-1.25002	-0.378834	0.707107	
-0.89164	-0.429396	0.707107	
-0.612027	-6.64977e-17	0.707107	
-0.676587	0.341007	0.707107	
-0.676587	-0.341007	0.707107	
-0.481448	-0.235765	0.707107	
-0.546008	-0.576773	0.707107	
-0.310966	-0.319135	0.707107	
-0.25126	-0.796331	0.707107	
0.0090995	-1.02496	0.707107	
0.549606	-0.536294	0.707107	
0.370259	-0.330323	0.707107	
-0.0709878	-0.319135	0.707107	
-0.30603	-0.576773	0.707107	
0.19049	-0.235765	0.707107	
0.0595911	-0.0833699	0.707107	
0.321069	0	0.707107	
0.0595911	0.0833699	0.707107	
-0.180387	0.0833699	0.707107	
-0.35087	-6.64977e-17	0.707107	
-0.180387	-0.0833699	0.707107	
-0.25126	0.796331	-0.707107	
0.0090995	1.02496	-0.707107	
0.549606	0.536294	-0.707107	
0.370259	0.330323	-0.707107	
-0.0709878	0.319135	-0.707107	
-0.30603	0.576773	-0.707107	
0.19049	0.235765	-0.707107	
0.0595911	0.0833699	-0.707107	
0.321069	-6.4763e-17	-0.707107	
0.0595911	-0.0833699	-0.707107	
0.370259	-0.330323	-0.707107	
0.549606	-0.536294	-0.707107	
0.0090995	-1.02496	-0.707107	
-0.25126	-0.796331	-0.707107	
-0.0709878	-0.319135	-0.707107	
0.19049	-0.235765	-0.707107	
-0.30603	-0.576773	-0.707107	
-0.310966	-0.319135	-0.707107	
-0.546008	-0.576773	-0.707107	
-0.481448	-0.235765	-0.707107	
-0.89164	-0.429396	-0.707107	
-1.25002	-0.378834	-0.707107	
-1.25002	0.378834	-0.707107	
-0.89164	0.429396	-0.707107	
-0.612027	-5.26199e-17	-0.707107	
-0.676587	-0.341007	-0.707107	
-0.676587	0.341007	-0.707107	
-0.481448	0.235765	-0.707107	
-0.546008	0.576773	-0.707107	
-0.310966	0.319135	-0.707107	
-0.180387	0.0833699	-0.707107	
-0.180387	-0.0833699	-0.707107	
-0.35087	-5.05961e-17	-0.707107	
-0.261154	1.2693	-0.353553	
-0.56202	1.02933	-0.353553	
-0.56202	1.02933	0.353553	
-0.261154	1.2693	0.353553	
-0.89164	0.858791	-0.353553	
-1.25002	0.757668	-0.353553	
-1.25002	0.757668	0.353553	
-0.89164	0.858791	0.353553	
-1.25002	-0.757668	-0.353553	
-0.89164	-0.858791	-0.353553	
-0.89164	-0.858791	0.353553	
-1.25002	-0.757668	0.353553	
-0.56202	-1.02933	-0.353553	
-0.261154	-1.2693	-0.353553	
-0.261154	-1.2693	0.353553	
-0.56202	-1.02933	0.353553	
0.819859	-0.291959	-0.353553	
0.681019	-0.0973198	-0.353553	
0.681019	-0.0973198	0.353553	
0.819859	-0.291959	0.353553	
0.681019	0.0973198	-0.353553	
0.819859	0.291959	-0.353553	
0.819859	0.291959	0.353553	
0.681019	0.0973198	0.353553	
179
4	0	1	2	3	
4	4	5	6	7	
4	8	9	10	11	
4	12	13	14	15	
4	16	17	18	19	
4	20	21	22	23	
4	24	25	26	27	
4	28	29	30	31	
4	32	33	34	35	
4	36	37	38	39	
4	40	41	42	43	
4	44	45	46	47	
4	48	49	50	51	
4	52	53	54	55	
4	56	57	58	59	
4	60	61	62	63	
4	64	65	66	67	
4	68	69	70	71	
4	72	73	74	75	
4	76	77	78	79	
4	80	81	82	83	
4	84	85	86	87	
4	88	89	90	91	
4	92	93	94	95	
4	96	97	98	99	
3	100	101	102	
3	103	104	105	
4	106	107	108	109	
3	110	111	112	
3	113	114	115	
4	116	117	118	119	
3	120	121	122	
3	123	124	125	
3	126	127	128	
4	129	130	131	132	
3	133	134	135	
3	136	137	138	
4	139	140	141	142	
3	143	144	145	
3	146	147	148	
4	149	150	151	152	
3	153	154	155	
3	156	157	158	
3	159	160	161	
4	162	163	164	165	
4	166	167	168	169	
4	170	171	172	173	
4	174	175	176	177	
4	178	179	180	181	
4	182	183	184	185	
4	1	0	131	130	
4	2	1	4	7	
4	3	2	17	16	
4	0	3	14	13	
4	5	4	162	165	
4	6	5	8	11	
4	7	6	21	20	
4	9	8	98	97	
4	10	9	12	15	
4	11	10	25	24	
4	13	12	184	183	
4	15	14	29	28	
4	18	17	20	23	
4	16	19	30	29	
4	22	21	24	27	
4	26	25	28	31	
4	33	32	141	140	
4	34	33	36	39	
4	35	34	49	48	
4	32	35	46	45	
4	37	36	178	181	
4	38	37	40	43	
4	39	38	53	52	
4	41	40	118	117	
4	42	41	44	47	
4	43	42	57	56	
4	45	44	176	175	
4	47	46	61	60	
4	50	49	52	55	
4	48	51	62	61	
4	54	53	56	59	
4	58	57	60	63	
4	65	64	151	150	
4	66	65	68	71	
4	67	66	81	80	
4	64	67	78	77	
4	69	68	170	173	
4	70	69	72	75	
4	71	70	85	84	
4	73	72	108	107	
4	74	73	76	79	
4	75	74	89	88	
4	77	76	168	167	
4	79	78	93	92	
4	82	81	84	87	
4	80	83	94	93	
4	86	85	88	91	
4	90	89	92	95	
4	97	96	185	184	
4	99	98	165	164	
4	96	99	102	101	
4	101	100	125	124	
4	100	102	104	103	
4	105	104	111	110	
4	103	105	127	126	
4	107	106	169	168	
4	109	108	173	172	
4	106	109	112	111	
4	110	112	114	113	
4	115	114	121	120	
4	113	115	128	127	
4	117	116	177	176	
4	119	118	181	180	
4	116	119	122	121	
4	120	122	124	123	
4	123	125	126	128	
4	130	129	163	162	
4	132	131	183	182	
4	129	132	135	134	
4	134	133	158	157	
4	133	135	137	136	
4	138	137	144	143	
4	136	138	160	159	
4	140	139	179	178	
4	142	141	175	174	
4	139	142	145	144	
4	143	145	147	146	
4	148	147	154	153	
4	146	148	161	160	
4	150	149	171	170	
4	152	151	167	166	
4	149	152	155	154	
4	153	155	157	156	
4	156	158	159	161	
4	164	163	166	169	
4	172	171	174	177	
4	180	179	182	185	
4	131	0	13	183	
4	1	130	162	4	
4	5	165	98	8	
4	9	97	184	12	
4	3	16	29	14	
4	2	7	20	17	
4	6	11	24	21	
4	10	15	28	25	
4	141	32	45	175	
4	33	140	178	36	
4	37	181	118	40	
4	41	117	176	44	
4	35	48	61	46	
4	34	39	52	49	
4	38	43	56	53	
4	42	47	60	57	
4	151	64	77	167	
4	65	150	170	68	
4	69	173	108	72	
4	73	107	168	76	
4	67	80	93	78	
4	66	71	84	81	
4	70	75	88	85	
4	74	79	92	89	
4	125	100	103	126	
4	115	120	123	128	
4	105	110	113	127	
0	
7	99	164	169	106	111	104	102	
0	
7	109	172	177	116	121	114	112	
0	
7	185	96	101	124	122	119	180	
4	158	133	136	159	
4	138	143	146	160	
4	148	153	156	161	
0	
7	132	182	179	139	144	137	135	
0	
7	142	174	171	149	154	147	145	
0	
7	163	129	134	157	155	152	166	
24
18	19
22	23
26	27
30	31
50	51
54	55
58	59
62	63
82	83
86	87
90	91
94	95
18	23
30	19
22	27
26	31
50	55
62	51
54	59
58	63
82	87
94	83
86	91
90	95
24
18	2
19	2
22	2
23	2
26	2
27	2
30	2
31	2
50	2
51	2
54	2
55	2
58	2
59	2
62	2
63	2
82	2
83	2
86	2
87	2
90	2
91	2
94	2
95	2

#END