fiveConeDS
3
#ORIGINAL
85
3.33216220362	7.28761101962	-3.33216220362
-3.33216220362	7.28761101962	-3.33216220362
-3.33216220362	7.28761101962	3.33216220362
3.33216220362	7.28761101962	3.33216220362
2.22144146908	8.85840734641	-2.22144146908
-2.22144146908	8.85840734641	-2.22144146908
-2.22144146908	8.85840734641	2.22144146908
2.22144146908	8.85840734641	2.22144146908
1.11072073454	10.4292036732	-1.11072073454
-1.11072073454	10.4292036732	-1.11072073454
-1.11072073454	10.4292036732	1.11072073454
1.11072073454	10.4292036732	1.11072073454
0.0	12.0	0.0
7.96062469736	-0.917078923649	-3.33216220362
5.9012351995	5.42107023056	-3.33216220362
5.9012351995	5.42107023056	3.33216220362
7.96062469736	-0.917078923649	3.33216220362
9.11130919676	0.624682028401	-2.22144146908
7.73838286485	4.85011479787	-2.22144146908
7.73838286485	4.85011479787	2.22144146908
9.11130919676	0.624682028401	2.22144146908
10.2619936961	2.16644298045	-1.11072073454
9.57553053019	4.27915936519	-1.11072073454
9.57553053019	4.27915936519	1.11072073454
10.2619936961	2.16644298045	1.11072073454
11.4126781955	3.7082039325	0.0
1.58777443103	-7.8543969648	-3.33216220362
6.97932613252	-3.93720536173	-3.33216220362
6.97932613252	-3.93720536173	3.33216220362
1.58777443103	-7.8543969648	3.33216220362
3.40965729652	-8.4723326207	-2.22144146908
7.00402509751	-5.86087155199	-2.22144146908
7.00402509751	-5.86087155199	2.22144146908
3.40965729652	-8.4723326207	2.22144146908
5.23154016202	-9.0902682766	-1.11072073454
7.02872406251	-7.78453774224	-1.11072073454
7.02872406251	-7.78453774224	1.11072073454
5.23154016202	-9.0902682766	1.11072073454
7.05342302751	-9.7082039325	0.0
-6.97932613252	-3.93720536173	-3.33216220362
-1.58777443103	-7.8543969648	-3.33216220362
-1.58777443103	-7.8543969648	3.33216220362
-6.97932613252	-3.93720536173	3.33216220362
-7.00402509751	-5.86087155199	-2.22144146908
-3.40965729652	-8.4723326207	-2.22144146908
-3.40965729652	-8.4723326207	2.22144146908
-7.00402509751	-5.86087155199	2.22144146908
-7.02872406251	-7.78453774224	-1.11072073454
-5.23154016202	-9.0902682766	-1.11072073454
-5.23154016202	-9.0902682766	1.11072073454
-7.02872406251	-7.78453774224	1.11072073454
-7.05342302751	-9.7082039325	0.0
-5.9012351995	5.42107023056	-3.33216220362
-7.96062469736	-0.917078923649	-3.33216220362
-7.96062469736	-0.917078923649	3.33216220362
-5.9012351995	5.42107023056	3.33216220362
-7.73838286485	4.85011479787	-2.22144146908
-9.11130919676	0.624682028401	-2.22144146908
-9.11130919676	0.624682028401	2.22144146908
-7.73838286485	4.85011479787	2.22144146908
-9.57553053019	4.27915936519	-1.11072073454
-10.2619936961	2.16644298045	-1.11072073454
-10.2619936961	2.16644298045	1.11072073454
-9.57553053019	4.27915936519	1.11072073454
-11.4126781955	3.7082039325	0.0
-1.99840144433e-16	2.18628330588	5.8590518747
2.07927898453	0.675598696037	5.8590518747
1.28506508453	-1.76874034898	5.8590518747
-1.28506508453	-1.76874034898	5.8590518747
-2.07927898453	0.675598696037	5.8590518747
-4.3442886025	5.9794002898	4.16520275452
-7.02920661579	-2.28392767836	4.16520275452
2.22044604925e-15	-7.39094522287	4.16520275452
7.02920661579	-2.28392767836	4.16520275452
4.3442886025	5.9794002898	4.16520275452
-1.61204383176e-15	2.18628330588	-5.8590518747
2.07927898453	0.675598696037	-5.8590518747
1.28506508453	-1.76874034898	-5.8590518747
-1.28506508453	-1.76874034898	-5.8590518747
-2.07927898453	0.675598696037	-5.8590518747
4.3442886025	5.9794002898	-4.16520275452
7.02920661579	-2.28392767836	-4.16520275452
2.22044604925e-16	-7.39094522287	-4.16520275452
-7.02920661579	-2.28392767836	-4.16520275452
-4.3442886025	5.9794002898	-4.16520275452
102
4	0	1	5	4	
4	1	2	6	5	
4	2	3	7	6	
4	3	0	4	7	
4	4	5	9	8	
4	5	6	10	9	
4	6	7	11	10	
4	7	4	8	11	
3	8	9	12	
3	9	10	12	
3	10	11	12	
3	11	8	12	
4	13	14	18	17	
4	14	15	19	18	
4	15	16	20	19	
4	16	13	17	20	
4	17	18	22	21	
4	18	19	23	22	
4	19	20	24	23	
4	20	17	21	24	
3	21	22	25	
3	22	23	25	
3	23	24	25	
3	24	21	25	
4	26	27	31	30	
4	27	28	32	31	
4	28	29	33	32	
4	29	26	30	33	
4	30	31	35	34	
4	31	32	36	35	
4	32	33	37	36	
4	33	30	34	37	
3	34	35	38	
3	35	36	38	
3	36	37	38	
3	37	34	38	
4	39	40	44	43	
4	40	41	45	44	
4	41	42	46	45	
4	42	39	43	46	
4	43	44	48	47	
4	44	45	49	48	
4	45	46	50	49	
4	46	43	47	50	
3	47	48	51	
3	48	49	51	
3	49	50	51	
3	50	47	51	
4	52	53	57	56	
4	53	54	58	57	
4	54	55	59	58	
4	55	52	56	59	
4	56	57	61	60	
4	57	58	62	61	
4	58	59	63	62	
4	59	56	60	63	
3	60	61	64	
3	61	62	64	
3	62	63	64	
3	63	60	64	
4	74	3	2	70	
3	65	74	70	
3	65	70	69	
4	70	55	54	71	
3	69	70	71	
3	69	71	68	
4	71	42	41	72	
3	68	71	72	
3	68	72	67	
4	72	29	28	73	
3	67	72	73	
3	67	73	66	
4	73	16	15	74	
3	66	73	74	
3	66	74	65	
5	65	69	68	67	66	
4	84	1	0	80	
3	75	84	80	
3	75	80	76	
4	80	14	13	81	
3	76	80	81	
3	76	81	77	
4	81	27	26	82	
3	77	81	82	
3	77	82	78	
4	82	40	39	83	
3	78	82	83	
3	78	83	79	
4	83	53	52	84	
3	79	83	84	
3	79	84	75	
5	75	76	77	78	79	
4	1	84	70	2	
4	84	52	55	70	
4	53	83	71	54	
4	83	39	42	71	
4	40	82	72	41	
4	82	26	29	72	
4	27	81	73	28	
4	81	13	16	73	
4	14	80	74	15	
4	80	0	3	74	
0
5
12	3
25	3
38	3
51	3
64	3
#END