fiveConeCC
3
#ORIGINAL
95
3.33216220362	7.28761101962	-3.33216220362
-3.33216220362	7.28761101962	-3.33216220362
-3.33216220362	7.28761101962	3.33216220362
3.33216220362	7.28761101962	3.33216220362
2.22144146908	8.85840734641	-2.22144146908
-2.22144146908	8.85840734641	-2.22144146908
-2.22144146908	8.85840734641	2.22144146908
2.22144146908	8.85840734641	2.22144146908
1.11072073454	10.4292036732	-1.11072073454
-1.11072073454	10.4292036732	-1.11072073454
-1.11072073454	10.4292036732	1.11072073454
1.11072073454	10.4292036732	1.11072073454
0.0	12.0	0.0
7.96062469736	-0.917078923649	-3.33216220362
5.9012351995	5.42107023056	-3.33216220362
5.9012351995	5.42107023056	3.33216220362
7.96062469736	-0.917078923649	3.33216220362
9.11130919676	0.624682028401	-2.22144146908
7.73838286485	4.85011479787	-2.22144146908
7.73838286485	4.85011479787	2.22144146908
9.11130919676	0.624682028401	2.22144146908
10.2619936961	2.16644298045	-1.11072073454
9.57553053019	4.27915936519	-1.11072073454
9.57553053019	4.27915936519	1.11072073454
10.2619936961	2.16644298045	1.11072073454
11.4126781955	3.7082039325	0.0
1.58777443103	-7.8543969648	-3.33216220362
6.97932613252	-3.93720536173	-3.33216220362
6.97932613252	-3.93720536173	3.33216220362
1.58777443103	-7.8543969648	3.33216220362
3.40965729652	-8.4723326207	-2.22144146908
7.00402509751	-5.86087155199	-2.22144146908
7.00402509751	-5.86087155199	2.22144146908
3.40965729652	-8.4723326207	2.22144146908
5.23154016202	-9.0902682766	-1.11072073454
7.02872406251	-7.78453774224	-1.11072073454
7.02872406251	-7.78453774224	1.11072073454
5.23154016202	-9.0902682766	1.11072073454
7.05342302751	-9.7082039325	0.0
-6.97932613252	-3.93720536173	-3.33216220362
-1.58777443103	-7.8543969648	-3.33216220362
-1.58777443103	-7.8543969648	3.33216220362
-6.97932613252	-3.93720536173	3.33216220362
-7.00402509751	-5.86087155199	-2.22144146908
-3.40965729652	-8.4723326207	-2.22144146908
-3.40965729652	-8.4723326207	2.22144146908
-7.00402509751	-5.86087155199	2.22144146908
-7.02872406251	-7.78453774224	-1.11072073454
-5.23154016202	-9.0902682766	-1.11072073454
-5.23154016202	-9.0902682766	1.11072073454
-7.02872406251	-7.78453774224	1.11072073454
-7.05342302751	-9.7082039325	0.0
-5.9012351995	5.42107023056	-3.33216220362
-7.96062469736	-0.917078923649	-3.33216220362
-7.96062469736	-0.917078923649	3.33216220362
-5.9012351995	5.42107023056	3.33216220362
-7.73838286485	4.85011479787	-2.22144146908
-9.11130919676	0.624682028401	-2.22144146908
-9.11130919676	0.624682028401	2.22144146908
-7.73838286485	4.85011479787	2.22144146908
-9.57553053019	4.27915936519	-1.11072073454
-10.2619936961	2.16644298045	-1.11072073454
-10.2619936961	2.16644298045	1.11072073454
-9.57553053019	4.27915936519	1.11072073454
-11.4126781955	3.7082039325	0.0
-1.99840144433e-16	2.18628330588	5.8590518747
2.07927898453	0.675598696037	5.8590518747
1.28506508453	-1.76874034898	5.8590518747
-1.28506508453	-1.76874034898	5.8590518747
-2.07927898453	0.675598696037	5.8590518747
-4.09125700278	6.30645297225	3.9569426168
-4.73352525175	5.83981777499	3.9569426168
-7.26206113618	-1.94221548968	3.9569426168
-7.01673649497	-2.6972470992	3.9569426168
-0.396943607758	-7.50680815835	3.9569426168
0.396943607758	-7.50680815835	3.9569426168
7.01673649497	-2.6972470992	3.9569426168
7.26206113618	-1.94221548968	3.9569426168
4.73352525175	5.83981777499	3.9569426168
4.09125700278	6.30645297225	3.9569426168
-1.61204383176e-15	2.18628330588	-5.8590518747
2.07927898453	0.675598696037	-5.8590518747
1.28506508453	-1.76874034898	-5.8590518747
-1.28506508453	-1.76874034898	-5.8590518747
-2.07927898453	0.675598696037	-5.8590518747
4.09125700278	6.30645297225	-3.9569426168
4.73352525175	5.83981777499	-3.9569426168
7.26206113618	-1.94221548968	-3.9569426168
7.01673649497	-2.6972470992	-3.9569426168
0.396943607758	-7.50680815835	-3.9569426168
-0.396943607758	-7.50680815835	-3.9569426168
-7.01673649497	-2.6972470992	-3.9569426168
-7.26206113618	-1.94221548968	-3.9569426168
-4.73352525175	5.83981777499	-3.9569426168
-4.09125700278	6.30645297225	-3.9569426168
107
4	0	1	5	4	
4	1	2	6	5	
4	2	3	7	6	
4	3	0	4	7	
4	4	5	9	8	
4	5	6	10	9	
4	6	7	11	10	
4	7	4	8	11	
3	8	9	12	
3	9	10	12	
3	10	11	12	
3	11	8	12	
4	13	14	18	17	
4	14	15	19	18	
4	15	16	20	19	
4	16	13	17	20	
4	17	18	22	21	
4	18	19	23	22	
4	19	20	24	23	
4	20	17	21	24	
3	21	22	25	
3	22	23	25	
3	23	24	25	
3	24	21	25	
4	26	27	31	30	
4	27	28	32	31	
4	28	29	33	32	
4	29	26	30	33	
4	30	31	35	34	
4	31	32	36	35	
4	32	33	37	36	
4	33	30	34	37	
3	34	35	38	
3	35	36	38	
3	36	37	38	
3	37	34	38	
4	39	40	44	43	
4	40	41	45	44	
4	41	42	46	45	
4	42	39	43	46	
4	43	44	48	47	
4	44	45	49	48	
4	45	46	50	49	
4	46	43	47	50	
3	47	48	51	
3	48	49	51	
3	49	50	51	
3	50	47	51	
4	52	53	57	56	
4	53	54	58	57	
4	54	55	59	58	
4	55	52	56	59	
4	56	57	61	60	
4	57	58	62	61	
4	58	59	63	62	
4	59	56	60	63	
3	60	61	64	
3	61	62	64	
3	62	63	64	
3	63	60	64	
4	79	3	2	70	
3	65	79	70	
4	65	70	71	69	
4	71	55	54	72	
3	69	71	72	
4	69	72	73	68	
4	73	42	41	74	
3	68	73	74	
4	68	74	75	67	
4	75	29	28	76	
3	67	75	76	
4	67	76	77	66	
4	77	16	15	78	
3	66	77	78	
4	66	78	79	65	
5	65	69	68	67	66	
4	94	1	0	85	
3	80	94	85	
4	80	85	86	81	
4	86	14	13	87	
3	81	86	87	
4	81	87	88	82	
4	88	27	26	89	
3	82	88	89	
4	82	89	90	83	
4	90	40	39	91	
3	83	90	91	
4	83	91	92	84	
4	92	53	52	93	
3	84	92	93	
4	84	93	94	80	
5	80	81	82	83	84	
4	1	94	70	2	
4	94	93	71	70	
4	93	52	55	71	
4	53	92	72	54	
4	92	91	73	72	
4	91	39	42	73	
4	40	90	74	41	
4	90	89	75	74	
4	89	26	29	75	
4	27	88	76	28	
4	88	87	77	76	
4	87	13	16	77	
4	14	86	78	15	
4	86	85	79	78	
4	85	0	3	79	
0
5
12	3
25	3
38	3
51	3
64	3
#END