hyper_hyper
3
#ORIGINAL
32
-24.7049855379	34.31599568	24.7049855379
24.7049855379	34.31599568	24.7049855379
24.7049855379	34.31599568	-24.7049855379
-24.7049855379	34.31599568	-24.7049855379
-6.14803159607	5.70188772839	6.14803159607
6.14803159607	5.70188772839	6.14803159607
6.14803159607	5.70188772839	-6.14803159607
-6.14803159607	5.70188772839	-6.14803159607
-6.14803159607	-5.70188772839	6.14803159607
6.14803159607	-5.70188772839	6.14803159607
6.14803159607	-5.70188772839	-6.14803159607
-6.14803159607	-5.70188772839	-6.14803159607
-24.7049855379	-34.31599568	24.7049855379
24.7049855379	-34.31599568	24.7049855379
24.7049855379	-34.31599568	-24.7049855379
-24.7049855379	-34.31599568	-24.7049855379
-24.7049855379	-79.31599568	24.7049855379
24.7049855379	-79.31599568	24.7049855379
24.7049855379	-79.31599568	-24.7049855379
-24.7049855379	-79.31599568	-24.7049855379
-6.14803159607	-50.7018877284	6.14803159607
6.14803159607	-50.7018877284	6.14803159607
6.14803159607	-50.7018877284	-6.14803159607
-6.14803159607	-50.7018877284	-6.14803159607
-6.14803159607	-39.2981122716	6.14803159607
6.14803159607	-39.2981122716	6.14803159607
6.14803159607	-39.2981122716	-6.14803159607
-6.14803159607	-39.2981122716	-6.14803159607
-24.7049855379	-10.68400432	24.7049855379
24.7049855379	-10.68400432	24.7049855379
24.7049855379	-10.68400432	-24.7049855379
-24.7049855379	-10.68400432	-24.7049855379
4
4	0	1	5	4	
4	1	2	6	5	
4	2	3	7	6	
4	3	0	4	7	
8
0	1
1	2
2	3
3	0
28	29
29	30
30	31
31	28
8
0	2
1	2
2	2
3	2
28	2
29	2
30	2
31	2
#END