parabola
3
#ORIGINAL
13
3.33216220362	-11.1033049512	-3.33216220362
-3.33216220362	-11.1033049512	-3.33216220362
-3.33216220362	-11.1033049512	3.33216220362
3.33216220362	-11.1033049512	3.33216220362
2.22144146908	-4.93480220054	-2.22144146908
-2.22144146908	-4.93480220054	-2.22144146908
-2.22144146908	-4.93480220054	2.22144146908
2.22144146908	-4.93480220054	2.22144146908
1.11072073454	-1.23370055014	-1.11072073454
-1.11072073454	-1.23370055014	-1.11072073454
-1.11072073454	-1.23370055014	1.11072073454
1.11072073454	-1.23370055014	1.11072073454
0.0	0.0	0.0
12
4	0	1	5	4	
4	1	2	6	5	
4	2	3	7	6	
4	3	0	4	7	
4	4	5	9	8	
4	5	6	10	9	
4	6	7	11	10	
4	7	4	8	11	
3	8	9	12	
3	9	10	12	
3	10	11	12	
3	11	8	12	
4
0	1
1	2
2	3
3	0
4
0	2
1	2
2	2
3	2
#END