para_para
3
#ORIGINAL
24
0.55536036727	0.277680183635	-0.480956186311
-0.55536036727	0.277680183635	-0.480956186311
-0.55536036727	-0.277680183635	0.480956186311
0.55536036727	-0.277680183635	0.480956186311
1.66608110181	5.10670461923	1.02453254134
-1.66608110181	5.10670461923	1.02453254134
-1.66608110181	3.44062351742	3.9102696592
1.66608110181	3.44062351742	3.9102696592
2.77680183635	14.2093931231	4.99742236926
-2.77680183635	14.2093931231	4.99742236926
-2.77680183635	11.4325912868	9.80698423237
2.77680183635	11.4325912868	9.80698423237
2.77680183635	25.1955933984	-2.77680183635
-2.77680183635	25.1955933984	-2.77680183635
-2.77680183635	25.1955933984	2.77680183635
2.77680183635	25.1955933984	2.77680183635
1.66608110181	35.0651977995	-1.66608110181
-1.66608110181	35.0651977995	-1.66608110181
-1.66608110181	35.0651977995	1.66608110181
1.66608110181	35.0651977995	1.66608110181
0.55536036727	40.0	-0.55536036727
-0.55536036727	40.0	-0.55536036727
-0.55536036727	40.0	0.55536036727
0.55536036727	40.0	0.55536036727
6
4	0	1	5	4	
4	1	2	6	5	
4	2	3	7	6	
4	3	0	4	7	
4	0	1	2	3	
4	20	21	22	23	
0
0
#END