sixConeDS
3
#ORIGINAL
102
3.33216220362	7.28761101962	-3.33216220362
-3.33216220362	7.28761101962	-3.33216220362
-3.33216220362	7.28761101962	3.33216220362
3.33216220362	7.28761101962	3.33216220362
2.22144146908	8.85840734641	-2.22144146908
-2.22144146908	8.85840734641	-2.22144146908
-2.22144146908	8.85840734641	2.22144146908
2.22144146908	8.85840734641	2.22144146908
1.11072073454	10.4292036732	-1.11072073454
-1.11072073454	10.4292036732	-1.11072073454
-1.11072073454	10.4292036732	1.11072073454
1.11072073454	10.4292036732	1.11072073454
0.0	12.0	0.0
7.9773373777	0.758068391943	-3.33216220362
4.64517517408	6.52954262767	-3.33216220362
4.64517517408	6.52954262767	3.33216220362
7.9773373777	0.758068391943	3.33216220362
8.7823265336	2.50537892796	-2.22144146908
6.56088506452	6.35302841845	-2.22144146908
6.56088506452	6.35302841845	2.22144146908
8.7823265336	2.50537892796	2.22144146908
9.58731568951	4.25268946398	-1.11072073454
8.47659495497	6.17651420922	-1.11072073454
8.47659495497	6.17651420922	1.11072073454
9.58731568951	4.25268946398	1.11072073454
10.3923048454	6.0	0.0
4.64517517408	-6.52954262767	-3.33216220362
7.9773373777	-0.758068391943	-3.33216220362
7.9773373777	-0.758068391943	3.33216220362
4.64517517408	-6.52954262767	3.33216220362
6.56088506452	-6.35302841845	-2.22144146908
8.7823265336	-2.50537892796	-2.22144146908
8.7823265336	-2.50537892796	2.22144146908
6.56088506452	-6.35302841845	2.22144146908
8.47659495497	-6.17651420922	-1.11072073454
9.58731568951	-4.25268946398	-1.11072073454
9.58731568951	-4.25268946398	1.11072073454
8.47659495497	-6.17651420922	1.11072073454
10.3923048454	-6.0	0.0
-3.33216220362	-7.28761101962	-3.33216220362
3.33216220362	-7.28761101962	-3.33216220362
3.33216220362	-7.28761101962	3.33216220362
-3.33216220362	-7.28761101962	3.33216220362
-2.22144146908	-8.85840734641	-2.22144146908
2.22144146908	-8.85840734641	-2.22144146908
2.22144146908	-8.85840734641	2.22144146908
-2.22144146908	-8.85840734641	2.22144146908
-1.11072073454	-10.4292036732	-1.11072073454
1.11072073454	-10.4292036732	-1.11072073454
1.11072073454	-10.4292036732	1.11072073454
-1.11072073454	-10.4292036732	1.11072073454
1.46957615898e-15	-12.0	0.0
-7.9773373777	-0.758068391943	-3.33216220362
-4.64517517408	-6.52954262767	-3.33216220362
-4.64517517408	-6.52954262767	3.33216220362
-7.9773373777	-0.758068391943	3.33216220362
-8.7823265336	-2.50537892796	-2.22144146908
-6.56088506452	-6.35302841845	-2.22144146908
-6.56088506452	-6.35302841845	2.22144146908
-8.7823265336	-2.50537892796	2.22144146908
-9.58731568951	-4.25268946398	-1.11072073454
-8.47659495497	-6.17651420922	-1.11072073454
-8.47659495497	-6.17651420922	1.11072073454
-9.58731568951	-4.25268946398	1.11072073454
-10.3923048454	-6.0	0.0
-4.64517517408	6.52954262767	-3.33216220362
-7.9773373777	0.758068391943	-3.33216220362
-7.9773373777	0.758068391943	3.33216220362
-4.64517517408	6.52954262767	3.33216220362
-6.56088506452	6.35302841845	-2.22144146908
-8.7823265336	2.50537892796	-2.22144146908
-8.7823265336	2.50537892796	2.22144146908
-6.56088506452	6.35302841845	2.22144146908
-8.47659495497	6.17651420922	-1.11072073454
-9.58731568951	4.25268946398	-1.11072073454
-9.58731568951	4.25268946398	1.11072073454
-8.47659495497	6.17651420922	1.11072073454
-10.3923048454	6.0	0.0
-2.47949808833e-15	2.18628330588	5.8590518747
1.89337688277	1.09314165294	5.8590518747
1.89337688277	-1.09314165294	5.8590518747
-1.81336427355e-15	-2.18628330588	5.8590518747
-1.89337688277	-1.09314165294	5.8590518747
-1.89337688277	1.09314165294	5.8590518747
-3.68679775538	6.38572102955	4.16520275452
-7.37359551077	-2.77555756156e-15	4.16520275452
-3.68679775538	-6.38572102955	4.16520275452
3.68679775538	-6.38572102955	4.16520275452
7.37359551077	2.55351295664e-15	4.16520275452
3.68679775538	6.38572102955	4.16520275452
6.36527867452e-16	2.18628330588	-5.8590518747
1.89337688277	1.09314165294	-5.8590518747
1.89337688277	-1.09314165294	-5.8590518747
7.69754630407e-16	-2.18628330588	-5.8590518747
-1.89337688277	-1.09314165294	-5.8590518747
-1.89337688277	1.09314165294	-5.8590518747
3.68679775538	6.38572102955	-4.16520275452
7.37359551077	1.55431223448e-15	-4.16520275452
3.68679775538	-6.38572102955	-4.16520275452
-3.68679775538	-6.38572102955	-4.16520275452
-7.37359551077	-1.44328993201e-15	-4.16520275452
-3.68679775538	6.38572102955	-4.16520275452
122
4	0	1	5	4	
4	1	2	6	5	
4	2	3	7	6	
4	3	0	4	7	
4	4	5	9	8	
4	5	6	10	9	
4	6	7	11	10	
4	7	4	8	11	
3	8	9	12	
3	9	10	12	
3	10	11	12	
3	11	8	12	
4	13	14	18	17	
4	14	15	19	18	
4	15	16	20	19	
4	16	13	17	20	
4	17	18	22	21	
4	18	19	23	22	
4	19	20	24	23	
4	20	17	21	24	
3	21	22	25	
3	22	23	25	
3	23	24	25	
3	24	21	25	
4	26	27	31	30	
4	27	28	32	31	
4	28	29	33	32	
4	29	26	30	33	
4	30	31	35	34	
4	31	32	36	35	
4	32	33	37	36	
4	33	30	34	37	
3	34	35	38	
3	35	36	38	
3	36	37	38	
3	37	34	38	
4	39	40	44	43	
4	40	41	45	44	
4	41	42	46	45	
4	42	39	43	46	
4	43	44	48	47	
4	44	45	49	48	
4	45	46	50	49	
4	46	43	47	50	
3	47	48	51	
3	48	49	51	
3	49	50	51	
3	50	47	51	
4	52	53	57	56	
4	53	54	58	57	
4	54	55	59	58	
4	55	52	56	59	
4	56	57	61	60	
4	57	58	62	61	
4	58	59	63	62	
4	59	56	60	63	
3	60	61	64	
3	61	62	64	
3	62	63	64	
3	63	60	64	
4	65	66	70	69	
4	66	67	71	70	
4	67	68	72	71	
4	68	65	69	72	
4	69	70	74	73	
4	70	71	75	74	
4	71	72	76	75	
4	72	69	73	76	
3	73	74	77	
3	74	75	77	
3	75	76	77	
3	76	73	77	
4	89	3	2	84	
3	78	89	84	
3	78	84	83	
4	84	68	67	85	
3	83	84	85	
3	83	85	82	
4	85	55	54	86	
3	82	85	86	
3	82	86	81	
4	86	42	41	87	
3	81	86	87	
3	81	87	80	
4	87	29	28	88	
3	80	87	88	
3	80	88	79	
4	88	16	15	89	
3	79	88	89	
3	79	89	78	
6	78	83	82	81	80	79	
4	101	1	0	96	
3	90	101	96	
3	90	96	91	
4	96	14	13	97	
3	91	96	97	
3	91	97	92	
4	97	27	26	98	
3	92	97	98	
3	92	98	93	
4	98	40	39	99	
3	93	98	99	
3	93	99	94	
4	99	53	52	100	
3	94	99	100	
3	94	100	95	
4	100	66	65	101	
3	95	100	101	
3	95	101	90	
6	90	91	92	93	94	95	
4	1	101	84	2	
4	101	65	68	84	
4	66	100	85	67	
4	100	52	55	85	
4	53	99	86	54	
4	99	39	42	86	
4	40	98	87	41	
4	98	26	29	87	
4	27	97	88	28	
4	97	13	16	88	
4	14	96	89	15	
4	96	0	3	89	
0
6
12	3
25	3
38	3
51	3
64	3
77	3
#END