sixCylinderDS
3
#ORIGINAL
96
0.707106781187	2.4292036732	-0.707106781187
-0.707106781187	2.4292036732	-0.707106781187
-0.707106781187	2.4292036732	0.707106781187
0.707106781187	2.4292036732	0.707106781187
0.707106781187	4.0	-0.707106781187
-0.707106781187	4.0	-0.707106781187
-0.707106781187	4.0	0.707106781187
0.707106781187	4.0	0.707106781187
0.707106781187	5.57079632679	-0.707106781187
-0.707106781187	5.57079632679	-0.707106781187
-0.707106781187	5.57079632679	0.707106781187
0.707106781187	5.57079632679	0.707106781187
2.45730548255	0.602229400907	-0.707106781187
1.75019870137	1.8269742723	-0.707106781187
1.75019870137	1.8269742723	0.707106781187
2.45730548255	0.602229400907	0.707106781187
3.81765500573	1.3876275643	-0.707106781187
3.11054822454	2.6123724357	-0.707106781187
3.11054822454	2.6123724357	0.707106781187
3.81765500573	1.3876275643	0.707106781187
5.17800452891	2.1730257277	-0.707106781187
4.47089774772	3.39777059909	-0.707106781187
4.47089774772	3.39777059909	0.707106781187
5.17800452891	2.1730257277	0.707106781187
1.75019870137	-1.8269742723	-0.707106781187
2.45730548255	-0.602229400907	-0.707106781187
2.45730548255	-0.602229400907	0.707106781187
1.75019870137	-1.8269742723	0.707106781187
3.11054822454	-2.6123724357	-0.707106781187
3.81765500573	-1.3876275643	-0.707106781187
3.81765500573	-1.3876275643	0.707106781187
3.11054822454	-2.6123724357	0.707106781187
4.47089774772	-3.39777059909	-0.707106781187
5.17800452891	-2.1730257277	-0.707106781187
5.17800452891	-2.1730257277	0.707106781187
4.47089774772	-3.39777059909	0.707106781187
-0.707106781187	-2.4292036732	-0.707106781187
0.707106781187	-2.4292036732	-0.707106781187
0.707106781187	-2.4292036732	0.707106781187
-0.707106781187	-2.4292036732	0.707106781187
-0.707106781187	-4.0	-0.707106781187
0.707106781187	-4.0	-0.707106781187
0.707106781187	-4.0	0.707106781187
-0.707106781187	-4.0	0.707106781187
-0.707106781187	-5.57079632679	-0.707106781187
0.707106781187	-5.57079632679	-0.707106781187
0.707106781187	-5.57079632679	0.707106781187
-0.707106781187	-5.57079632679	0.707106781187
-2.45730548255	-0.602229400907	-0.707106781187
-1.75019870137	-1.8269742723	-0.707106781187
-1.75019870137	-1.8269742723	0.707106781187
-2.45730548255	-0.602229400907	0.707106781187
-3.81765500573	-1.3876275643	-0.707106781187
-3.11054822454	-2.6123724357	-0.707106781187
-3.11054822454	-2.6123724357	0.707106781187
-3.81765500573	-1.3876275643	0.707106781187
-5.17800452891	-2.1730257277	-0.707106781187
-4.47089774772	-3.39777059909	-0.707106781187
-4.47089774772	-3.39777059909	0.707106781187
-5.17800452891	-2.1730257277	0.707106781187
-1.75019870137	1.8269742723	-0.707106781187
-2.45730548255	0.602229400907	-0.707106781187
-2.45730548255	0.602229400907	0.707106781187
-1.75019870137	1.8269742723	0.707106781187
-3.11054822454	2.6123724357	-0.707106781187
-3.81765500573	1.3876275643	-0.707106781187
-3.81765500573	1.3876275643	0.707106781187
-3.11054822454	2.6123724357	0.707106781187
-4.47089774772	3.39777059909	-0.707106781187
-5.17800452891	2.1730257277	-0.707106781187
-5.17800452891	2.1730257277	0.707106781187
-4.47089774772	3.39777059909	0.707106781187
1.55431223448e-16	0.24292036732	0.707106781187
0.210375209196	0.12146018366	0.707106781187
0.210375209196	-0.12146018366	0.707106781187
2.10942374679e-16	-0.24292036732	0.707106781187
-0.210375209196	-0.12146018366	0.707106781187
-0.210375209196	0.12146018366	0.707106781187
-1.05860905088	1.83356466148	0.707106781187
-2.11721810176	-5.55111512313e-16	0.707106781187
-1.05860905088	-1.83356466148	0.707106781187
1.05860905088	-1.83356466148	0.707106781187
2.11721810176	4.4408920985e-16	0.707106781187
1.05860905088	1.83356466148	0.707106781187
1.38777878078e-16	0.24292036732	-0.707106781187
0.210375209196	0.12146018366	-0.707106781187
0.210375209196	-0.12146018366	-0.707106781187
1.60982338571e-16	-0.24292036732	-0.707106781187
-0.210375209196	-0.12146018366	-0.707106781187
-0.210375209196	0.12146018366	-0.707106781187
1.05860905088	1.83356466148	-0.707106781187
2.11721810176	2.22044604925e-16	-0.707106781187
1.05860905088	-1.83356466148	-0.707106781187
-1.05860905088	-1.83356466148	-0.707106781187
-2.11721810176	-5.55111512313e-16	-0.707106781187
-1.05860905088	1.83356466148	-0.707106781187
98
4	0	1	5	4	
4	1	2	6	5	
4	2	3	7	6	
4	3	0	4	7	
4	4	5	9	8	
4	5	6	10	9	
4	6	7	11	10	
4	7	4	8	11	
4	12	13	17	16	
4	13	14	18	17	
4	14	15	19	18	
4	15	12	16	19	
4	16	17	21	20	
4	17	18	22	21	
4	18	19	23	22	
4	19	16	20	23	
4	24	25	29	28	
4	25	26	30	29	
4	26	27	31	30	
4	27	24	28	31	
4	28	29	33	32	
4	29	30	34	33	
4	30	31	35	34	
4	31	28	32	35	
4	36	37	41	40	
4	37	38	42	41	
4	38	39	43	42	
4	39	36	40	43	
4	40	41	45	44	
4	41	42	46	45	
4	42	43	47	46	
4	43	40	44	47	
4	48	49	53	52	
4	49	50	54	53	
4	50	51	55	54	
4	51	48	52	55	
4	52	53	57	56	
4	53	54	58	57	
4	54	55	59	58	
4	55	52	56	59	
4	60	61	65	64	
4	61	62	66	65	
4	62	63	67	66	
4	63	60	64	67	
4	64	65	69	68	
4	65	66	70	69	
4	66	67	71	70	
4	67	64	68	71	
4	83	3	2	78	
3	72	83	78	
3	72	78	77	
4	78	63	62	79	
3	77	78	79	
3	77	79	76	
4	79	51	50	80	
3	76	79	80	
3	76	80	75	
4	80	39	38	81	
3	75	80	81	
3	75	81	74	
4	81	27	26	82	
3	74	81	82	
3	74	82	73	
4	82	15	14	83	
3	73	82	83	
3	73	83	72	
6	72	77	76	75	74	73	
4	95	1	0	90	
3	84	95	90	
3	84	90	85	
4	90	13	12	91	
3	85	90	91	
3	85	91	86	
4	91	25	24	92	
3	86	91	92	
3	86	92	87	
4	92	37	36	93	
3	87	92	93	
3	87	93	88	
4	93	49	48	94	
3	88	93	94	
3	88	94	89	
4	94	61	60	95	
3	89	94	95	
3	89	95	84	
6	84	85	86	87	88	89	
4	1	95	78	2	
4	95	60	63	78	
4	61	94	79	62	
4	94	48	51	79	
4	49	93	80	50	
4	93	36	39	80	
4	37	92	81	38	
4	92	24	27	81	
4	25	91	82	26	
4	91	12	15	82	
4	13	90	83	14	
4	90	0	3	83	
24
8	9
9	10
10	11
11	8
20	21
21	22
22	23
23	20
32	33
33	34
34	35
35	32
44	45
45	46
46	47
47	44
56	57
57	58
58	59
59	56
68	69
69	70
70	71
71	68
24
8	2
9	2
10	2
11	2
20	2
21	2
22	2
23	2
32	2
33	2
34	2
35	2
44	2
45	2
46	2
47	2
56	2
57	2
58	2
59	2
68	2
69	2
70	2
71	2
#END