sixCylinder
3
#ORIGINAL
108
1.4292036732	-0.707106781187	-0.707106781187
1.4292036732	0.707106781187	-0.707106781187
1.4292036732	0.707106781187	0.707106781187
1.4292036732	-0.707106781187	0.707106781187
3.0	-0.707106781187	-0.707106781187
3.0	0.707106781187	-0.707106781187
3.0	0.707106781187	0.707106781187
3.0	-0.707106781187	0.707106781187
4.57079632679	-0.707106781187	-0.707106781187
4.57079632679	0.707106781187	-0.707106781187
4.57079632679	0.707106781187	0.707106781187
4.57079632679	-0.707106781187	0.707106781187
0.102229400907	-1.59128007877	-0.707106781187
1.3269742723	-0.884173297584	-0.707106781187
1.3269742723	-0.884173297584	0.707106781187
0.102229400907	-1.59128007877	0.707106781187
0.887627564304	-2.95162960195	-0.707106781187
2.1123724357	-2.24452282076	-0.707106781187
2.1123724357	-2.24452282076	0.707106781187
0.887627564304	-2.95162960195	0.707106781187
1.6730257277	-4.31197912512	-0.707106781187
2.89777059909	-3.60487234394	-0.707106781187
2.89777059909	-3.60487234394	0.707106781187
1.6730257277	-4.31197912512	0.707106781187
-1.3269742723	-0.884173297584	-0.707106781187
-0.102229400907	-1.59128007877	-0.707106781187
-0.102229400907	-1.59128007877	0.707106781187
-1.3269742723	-0.884173297584	0.707106781187
-2.1123724357	-2.24452282076	-0.707106781187
-0.887627564304	-2.95162960195	-0.707106781187
-0.887627564304	-2.95162960195	0.707106781187
-2.1123724357	-2.24452282076	0.707106781187
-2.89777059909	-3.60487234394	-0.707106781187
-1.6730257277	-4.31197912512	-0.707106781187
-1.6730257277	-4.31197912512	0.707106781187
-2.89777059909	-3.60487234394	0.707106781187
-1.4292036732	0.707106781187	-0.707106781187
-1.4292036732	-0.707106781187	-0.707106781187
-1.4292036732	-0.707106781187	0.707106781187
-1.4292036732	0.707106781187	0.707106781187
-3.0	0.707106781187	-0.707106781187
-3.0	-0.707106781187	-0.707106781187
-3.0	-0.707106781187	0.707106781187
-3.0	0.707106781187	0.707106781187
-4.57079632679	0.707106781187	-0.707106781187
-4.57079632679	-0.707106781187	-0.707106781187
-4.57079632679	-0.707106781187	0.707106781187
-4.57079632679	0.707106781187	0.707106781187
-0.102229400907	1.59128007877	-0.707106781187
-1.3269742723	0.884173297584	-0.707106781187
-1.3269742723	0.884173297584	0.707106781187
-0.102229400907	1.59128007877	0.707106781187
-0.887627564304	2.95162960195	-0.707106781187
-2.1123724357	2.24452282076	-0.707106781187
-2.1123724357	2.24452282076	0.707106781187
-0.887627564304	2.95162960195	0.707106781187
-1.6730257277	4.31197912512	-0.707106781187
-2.89777059909	3.60487234394	-0.707106781187
-2.89777059909	3.60487234394	0.707106781187
-1.6730257277	4.31197912512	0.707106781187
1.3269742723	0.884173297584	-0.707106781187
0.102229400907	1.59128007877	-0.707106781187
0.102229400907	1.59128007877	0.707106781187
1.3269742723	0.884173297584	0.707106781187
2.1123724357	2.24452282076	-0.707106781187
0.887627564304	2.95162960195	-0.707106781187
0.887627564304	2.95162960195	0.707106781187
2.1123724357	2.24452282076	0.707106781187
2.89777059909	3.60487234394	-0.707106781187
1.6730257277	4.31197912512	-0.707106781187
1.6730257277	4.31197912512	0.707106781187
2.89777059909	3.60487234394	0.707106781187
0.14292036732	-3.33066907388e-17	0.707106781187
0.0714601836602	-0.123772668818	0.707106781187
-0.0714601836602	-0.123772668818	0.707106781187
-0.14292036732	-5.55111512313e-17	0.707106781187
-0.0714601836602	0.123772668818	0.707106781187
0.0714601836602	0.123772668818	0.707106781187
1.16997441441	0.645973957038	0.707106781187
1.14441706418	0.690240586137	0.707106781187
0.0255573502266	1.33621454318	0.707106781187
-0.0255573502266	1.33621454318	0.707106781187
-1.14441706418	0.690240586137	0.707106781187
-1.16997441441	0.645973957038	0.707106781187
-1.16997441441	-0.645973957038	0.707106781187
-1.14441706418	-0.690240586137	0.707106781187
-0.0255573502266	-1.33621454318	0.707106781187
0.0255573502266	-1.33621454318	0.707106781187
1.14441706418	-0.690240586137	0.707106781187
1.16997441441	-0.645973957038	0.707106781187
0.14292036732	-4.99600361081e-17	-0.707106781187
0.0714601836602	-0.123772668818	-0.707106781187
-0.0714601836602	-0.123772668818	-0.707106781187
-0.14292036732	-3.88578058619e-17	-0.707106781187
-0.0714601836602	0.123772668818	-0.707106781187
0.0714601836602	0.123772668818	-0.707106781187
1.16997441441	-0.645973957038	-0.707106781187
1.14441706418	-0.690240586137	-0.707106781187
0.0255573502266	-1.33621454318	-0.707106781187
-0.0255573502266	-1.33621454318	-0.707106781187
-1.14441706418	-0.690240586137	-0.707106781187
-1.16997441441	-0.645973957038	-0.707106781187
-1.16997441441	0.645973957038	-0.707106781187
-1.14441706418	0.690240586137	-0.707106781187
-0.0255573502266	1.33621454318	-0.707106781187
0.0255573502266	1.33621454318	-0.707106781187
1.14441706418	0.690240586137	-0.707106781187
1.16997441441	0.645973957038	-0.707106781187
104
4	0	1	5	4	
4	1	2	6	5	
4	2	3	7	6	
4	3	0	4	7	
4	4	5	9	8	
4	5	6	10	9	
4	6	7	11	10	
4	7	4	8	11	
4	12	13	17	16	
4	13	14	18	17	
4	14	15	19	18	
4	15	12	16	19	
4	16	17	21	20	
4	17	18	22	21	
4	18	19	23	22	
4	19	16	20	23	
4	24	25	29	28	
4	25	26	30	29	
4	26	27	31	30	
4	27	24	28	31	
4	28	29	33	32	
4	29	30	34	33	
4	30	31	35	34	
4	31	28	32	35	
4	36	37	41	40	
4	37	38	42	41	
4	38	39	43	42	
4	39	36	40	43	
4	40	41	45	44	
4	41	42	46	45	
4	42	43	47	46	
4	43	40	44	47	
4	48	49	53	52	
4	49	50	54	53	
4	50	51	55	54	
4	51	48	52	55	
4	52	53	57	56	
4	53	54	58	57	
4	54	55	59	58	
4	55	52	56	59	
4	60	61	65	64	
4	61	62	66	65	
4	62	63	67	66	
4	63	60	64	67	
4	64	65	69	68	
4	65	66	70	69	
4	66	67	71	70	
4	67	64	68	71	
4	89	3	2	78	
3	72	89	78	
4	72	78	79	77	
4	79	63	62	80	
3	77	79	80	
4	77	80	81	76	
4	81	51	50	82	
3	76	81	82	
4	76	82	83	75	
4	83	39	38	84	
3	75	83	84	
4	75	84	85	74	
4	85	27	26	86	
3	74	85	86	
4	74	86	87	73	
4	87	15	14	88	
3	73	87	88	
4	73	88	89	72	
6	72	77	76	75	74	73	
4	107	1	0	96	
3	90	107	96	
4	90	96	97	91	
4	97	13	12	98	
3	91	97	98	
4	91	98	99	92	
4	99	25	24	100	
3	92	99	100	
4	92	100	101	93	
4	101	37	36	102	
3	93	101	102	
4	93	102	103	94	
4	103	49	48	104	
3	94	103	104	
4	94	104	105	95	
4	105	61	60	106	
3	95	105	106	
4	95	106	107	90	
6	90	91	92	93	94	95	
4	1	107	78	2	
4	107	106	79	78	
4	106	60	63	79	
4	61	105	80	62	
4	105	104	81	80	
4	104	48	51	81	
4	49	103	82	50	
4	103	102	83	82	
4	102	36	39	83	
4	37	101	84	38	
4	101	100	85	84	
4	100	24	27	85	
4	25	99	86	26	
4	99	98	87	86	
4	98	12	15	87	
4	13	97	88	14	
4	97	96	89	88	
4	96	0	3	89	
24
8	9
9	10
10	11
11	8
20	21
21	22
22	23
23	20
32	33
33	34
34	35
35	32
44	45
45	46
46	47
47	44
56	57
57	58
58	59
59	56
68	69
69	70
70	71
71	68
24
8	2
9	2
10	2
11	2
20	2
21	2
22	2
23	2
32	2
33	2
34	2
35	2
44	2
45	2
46	2
47	2
56	2
57	2
58	2
59	2
68	2
69	2
70	2
71	2
#END