sphere_conic
3
#ORIGINAL
24
0.900316316157	-1.27323954474	-0.900316316157
-0.900316316157	-1.27323954474	-0.900316316157
-0.900316316157	-1.27323954474	0.900316316157
0.900316316157	-1.27323954474	0.900316316157
0.900316316157	1.27323954474	-0.900316316157
-0.900316316157	1.27323954474	-0.900316316157
-0.900316316157	1.27323954474	0.900316316157
0.900316316157	1.27323954474	0.900316316157
2.22144146908	0.0584073464102	-2.22144146908
-2.22144146908	0.0584073464102	-2.22144146908
-2.22144146908	0.0584073464102	2.22144146908
2.22144146908	0.0584073464102	2.22144146908
1.33286488145	1.31504440785	-1.33286488145
-1.33286488145	1.31504440785	-1.33286488145
-1.33286488145	1.31504440785	1.33286488145
1.33286488145	1.31504440785	1.33286488145
0.444288293816	2.57168146928	-0.444288293816
-0.444288293816	2.57168146928	-0.444288293816
-0.444288293816	2.57168146928	0.444288293816
0.444288293816	2.57168146928	0.444288293816
-0.444288293816	3.82831853072	0.444288293816
0.444288293816	3.82831853072	0.444288293816
0.444288293816	3.82831853072	-0.444288293816
-0.444288293816	3.82831853072	-0.444288293816
5
4	0	1	5	4	
4	1	2	6	5	
4	2	3	7	6	
4	3	0	4	7	
4	0	1	2	3	
4
20	21
21	22
22	23
23	20
4
20	2
21	2
22	2
23	2
#END