sphere_cylind
3
#ORIGINAL
20
0.900316316157	-1.27323954474	-0.900316316157
-0.900316316157	-1.27323954474	-0.900316316157
-0.900316316157	-1.27323954474	0.900316316157
0.900316316157	-1.27323954474	0.900316316157
0.900316316157	1.27323954474	-0.900316316157
-0.900316316157	1.27323954474	-0.900316316157
-0.900316316157	1.27323954474	0.900316316157
0.900316316157	1.27323954474	0.900316316157
-1.83431457505	2.91504440785	-0.565685424949
-2.96568542495	2.91504440785	-0.565685424949
-2.96568542495	2.91504440785	0.565685424949
-1.83431457505	2.91504440785	0.565685424949
-1.83431457505	4.17168146928	-0.565685424949
-2.96568542495	4.17168146928	-0.565685424949
-2.96568542495	4.17168146928	0.565685424949
-1.83431457505	4.17168146928	0.565685424949
-1.83431457505	5.42831853072	-0.565685424949
-2.96568542495	5.42831853072	-0.565685424949
-2.96568542495	5.42831853072	0.565685424949
-1.83431457505	5.42831853072	0.565685424949
5
4	0	1	5	4	
4	1	2	6	5	
4	2	3	7	6	
4	3	0	4	7	
4	0	1	2	3	
4
16	17
17	18
18	19
19	16
4
16	2
17	2
18	2
19	2
#END