threeCylinderNonFlatCC
3
#ORIGINAL
50
1.16516956321	0.665169563205	-1.25439921232
0.165169563205	1.66516956321	-1.25439921232
-0.21751386916	1.28248613084	0.0521637525537
0.78248613084	0.28248613084	0.0521637525537
2.19134171618	1.69134171618	-0.653281482438
1.19134171618	2.69134171618	-0.653281482438
0.808658283817	2.30865828382	0.653281482438
1.80865828382	1.30865828382	0.653281482438
3.21751386916	2.71751386916	-0.052163752554
2.21751386916	3.71751386916	-0.052163752554
1.83483043679	3.33483043679	1.25439921232
2.83483043679	2.33483043679	1.25439921232
0.165169563205	-1.66516956321	-1.25439921232
1.16516956321	-0.665169563205	-1.25439921232
0.78248613084	-0.28248613084	0.0521637525537
-0.21751386916	-1.28248613084	0.0521637525537
1.19134171618	-2.69134171618	-0.653281482438
2.19134171618	-1.69134171618	-0.653281482438
1.80865828382	-1.30865828382	0.653281482438
0.808658283817	-2.30865828382	0.653281482438
2.21751386916	-3.71751386916	-0.052163752554
3.21751386916	-2.71751386916	-0.052163752554
2.83483043679	-2.33483043679	1.25439921232
1.83483043679	-3.33483043679	1.25439921232
-2.16821618272	0.900316316157	-1.31903149649
-2.16821618272	-0.900316316157	-1.31903149649
-1.47914390655	-0.900316316157	0.344536138081
-1.47914390655	0.900316316157	0.344536138081
-4.52085609345	0.900316316157	-0.344536138081
-4.52085609345	-0.900316316157	-0.344536138081
-3.83178381728	-0.900316316157	1.31903149649
-3.83178381728	0.900316316157	1.31903149649
-0.161256260051	0.156497226168	-0.058520282214
-0.161256260051	-0.156497226168	-0.058520282214
-0.51358226753	-2.58867001908e-16	-4.58051084425e-05
-0.566268780893	1.04296881099	0.0140896700995
-0.881676290242	0.947426357322	0.0871827664814
-0.881676290242	-0.947426357322	0.0871827664814
-0.566268780893	-1.04296881099	0.0140896700995
0.590078852157	-0.07062153271	-0.0605458217996
0.590078852157	0.07062153271	-0.0605458217996
-0.137549602819	0.116516956321	-1.61662400143
-0.137549602819	-0.116516956321	-1.61662400143
-0.420888177411	-8.39606162373e-18	-1.62308722985
0.857317917312	0.166292390801	-1.43473453129
0.857317917312	-0.166292390801	-1.43473453129
-0.510879927853	-1.22442377262	-1.51497828213
-1.09422636433	-1.03321046085	-1.53113635317
-1.09422636433	1.03321046085	-1.53113635317
-0.510879927853	1.22442377262	-1.51497828213
50
4	0	1	5	4	
4	1	2	6	5	
4	2	3	7	6	
4	3	0	4	7	
4	4	5	9	8	
4	5	6	10	9	
4	6	7	11	10	
4	7	4	8	11	
4	12	13	17	16	
4	13	14	18	17	
4	14	15	19	18	
4	15	12	16	19	
4	16	17	21	20	
4	17	18	22	21	
4	18	19	23	22	
4	19	16	20	23	
4	24	25	29	28	
4	25	26	30	29	
4	26	27	31	30	
4	27	24	28	31	
4	28	29	30	31	
4	40	3	2	35	
3	32	40	35	
4	32	35	36	34	
4	36	27	26	37	
3	34	36	37	
4	34	37	38	33	
4	38	15	14	39	
3	33	38	39	
4	33	39	40	32	
3	32	34	33	
4	49	1	0	44	
3	41	49	44	
4	41	44	45	42	
4	45	13	12	46	
3	42	45	46	
4	42	46	47	43	
4	47	25	24	48	
3	43	47	48	
4	43	48	49	41	
3	41	42	43	
4	1	49	35	2	
4	49	48	36	35	
4	48	24	27	36	
4	25	47	37	26	
4	47	46	38	37	
4	46	12	15	38	
4	13	45	39	14	
4	45	44	40	39	
4	44	0	3	40	
8
8	9
9	10
10	11
11	8
20	21
21	22
22	23
23	20
8
8	2
9	2
10	2
11	2
20	2
21	2
22	2
23	2
#END