threeCylinderDS
3
#ORIGINAL
48
0.88927926546	0.38927926546	-0.707106781187
-0.11072073454	1.38927926546	-0.707106781187
-0.11072073454	1.38927926546	0.707106781187
0.88927926546	0.38927926546	0.707106781187
2.0	1.5	-0.707106781187
1.0	2.5	-0.707106781187
1.0	2.5	0.707106781187
2.0	1.5	0.707106781187
3.11072073454	2.61072073454	-0.707106781187
2.11072073454	3.61072073454	-0.707106781187
2.11072073454	3.61072073454	0.707106781187
3.11072073454	2.61072073454	0.707106781187
-0.11072073454	-1.38927926546	-0.707106781187
0.88927926546	-0.38927926546	-0.707106781187
0.88927926546	-0.38927926546	0.707106781187
-0.11072073454	-1.38927926546	0.707106781187
1.0	-2.5	-0.707106781187
2.0	-1.5	-0.707106781187
2.0	-1.5	0.707106781187
1.0	-2.5	0.707106781187
2.11072073454	-3.61072073454	-0.707106781187
3.11072073454	-2.61072073454	-0.707106781187
3.11072073454	-2.61072073454	0.707106781187
2.11072073454	-3.61072073454	0.707106781187
-1.4292036732	0.707106781187	-0.707106781187
-1.4292036732	-0.707106781187	-0.707106781187
-1.4292036732	-0.707106781187	0.707106781187
-1.4292036732	0.707106781187	0.707106781187
-3.0	0.707106781187	-0.707106781187
-3.0	-0.707106781187	-0.707106781187
-3.0	-0.707106781187	0.707106781187
-3.0	0.707106781187	0.707106781187
-4.57079632679	0.707106781187	-0.707106781187
-4.57079632679	-0.707106781187	-0.707106781187
-4.57079632679	-0.707106781187	0.707106781187
-4.57079632679	0.707106781187	0.707106781187
-0.180664808975	0.088927926546	0.707106781187
-0.180664808975	-0.088927926546	0.707106781187
-0.362513102841	-9.29811783124e-17	0.707106781187
-0.71245275484	0.909352931506	0.707106781187
-0.71245275484	-0.909352931506	0.707106781187
0.611599081825	0.0	0.707106781187
-0.180664808975	0.088927926546	-0.707106781187
-0.180664808975	-0.088927926546	-0.707106781187
-0.362513102841	-9.29811783124e-17	-0.707106781187
0.611599081825	-1.11022302463e-16	-0.707106781187
-0.71245275484	-0.909352931506	-0.707106781187
-0.71245275484	0.909352931506	-0.707106781187
50
4	0	1	5	4	
4	1	2	6	5	
4	2	3	7	6	
4	3	0	4	7	
4	4	5	9	8	
4	5	6	10	9	
4	6	7	11	10	
4	7	4	8	11	
4	12	13	17	16	
4	13	14	18	17	
4	14	15	19	18	
4	15	12	16	19	
4	16	17	21	20	
4	17	18	22	21	
4	18	19	23	22	
4	19	16	20	23	
4	24	25	29	28	
4	25	26	30	29	
4	26	27	31	30	
4	27	24	28	31	
4	28	29	33	32	
4	29	30	34	33	
4	30	31	35	34	
4	31	28	32	35	
4	41	3	2	39	
3	36	41	39	
3	36	39	38	
4	39	27	26	40	
3	38	39	40	
3	38	40	37	
4	40	15	14	41	
3	37	40	41	
3	37	41	36	
3	36	38	37	
4	47	1	0	45	
3	42	47	45	
3	42	45	43	
4	45	13	12	46	
3	43	45	46	
3	43	46	44	
4	46	25	24	47	
3	44	46	47	
3	44	47	42	
3	42	43	44	
4	1	47	39	2	
4	47	24	27	39	
4	25	46	40	26	
4	46	12	15	40	
4	13	45	41	14	
4	45	0	3	41	
12
8	9
9	10
10	11
11	8
20	21
21	22
22	23
23	20
32	33
33	34
34	35
35	32
12
8	2
9	2
10	2
11	2
20	2
21	2
22	2
23	2
32	2
33	2
34	2
35	2
#END