threeParabolaCC
3
#ORIGINAL
57
3.33216220362	8.89669504877	-3.33216220362
-3.33216220362	8.89669504877	-3.33216220362
-3.33216220362	8.89669504877	3.33216220362
3.33216220362	8.89669504877	3.33216220362
2.22144146908	15.0651977995	-2.22144146908
-2.22144146908	15.0651977995	-2.22144146908
-2.22144146908	15.0651977995	2.22144146908
2.22144146908	15.0651977995	2.22144146908
1.11072073454	18.7662994499	-1.11072073454
-1.11072073454	18.7662994499	-1.11072073454
-1.11072073454	18.7662994499	1.11072073454
1.11072073454	18.7662994499	1.11072073454
0.0	20.0	0.0
6.03868282015	-7.33408464225	-3.33216220362
9.37084502377	-1.56261040652	-3.33216220362
9.37084502377	-1.56261040652	3.33216220362
6.03868282015	-7.33408464225	3.33216220362
11.9361232728	-9.45642364497	-2.22144146908
14.1575647419	-5.60877415448	-2.22144146908
14.1575647419	-5.60877415448	2.22144146908
11.9361232728	-9.45642364497	2.22144146908
15.6967316913	-10.3450620976	-1.11072073454
16.8074524259	-8.42123735231	-1.11072073454
16.8074524259	-8.42123735231	1.11072073454
15.6967316913	-10.3450620976	1.11072073454
17.3205080757	-10.0	0.0
-9.37084502377	-1.56261040652	-3.33216220362
-6.03868282015	-7.33408464225	-3.33216220362
-6.03868282015	-7.33408464225	3.33216220362
-9.37084502377	-1.56261040652	3.33216220362
-14.1575647419	-5.60877415448	-2.22144146908
-11.9361232728	-9.45642364497	-2.22144146908
-11.9361232728	-9.45642364497	2.22144146908
-14.1575647419	-5.60877415448	2.22144146908
-16.8074524259	-8.42123735231	-1.11072073454
-15.6967316913	-10.3450620976	-1.11072073454
-15.6967316913	-10.3450620976	1.11072073454
-16.8074524259	-8.42123735231	1.11072073454
-17.3205080757	-10.0	0.0
1.05101112998e-15	1.77933900975	3.88752257089
1.54095278439	-0.889669504877	3.88752257089
-1.54095278439	-0.889669504877	3.88752257089
-5.11419339458	4.69589850893	3.62372639644
-6.62386409962	2.08107214511	3.62372639644
-1.50967070504	-6.77697065404	3.62372639644
1.50967070504	-6.77697065404	3.62372639644
6.62386409962	2.08107214511	3.62372639644
5.11419339458	4.69589850893	3.62372639644
1.70234197109e-15	1.77933900975	-3.88752257089
1.54095278439	-0.889669504877	-3.88752257089
-1.54095278439	-0.889669504877	-3.88752257089
5.11419339458	4.69589850893	-3.62372639644
6.62386409962	2.08107214511	-3.62372639644
1.50967070504	-6.77697065404	-3.62372639644
-1.50967070504	-6.77697065404	-3.62372639644
-6.62386409962	2.08107214511	-3.62372639644
-5.11419339458	4.69589850893	-3.62372639644
65
4	0	1	5	4	
4	1	2	6	5	
4	2	3	7	6	
4	3	0	4	7	
4	4	5	9	8	
4	5	6	10	9	
4	6	7	11	10	
4	7	4	8	11	
3	8	9	12	
3	9	10	12	
3	10	11	12	
3	11	8	12	
4	13	14	18	17	
4	14	15	19	18	
4	15	16	20	19	
4	16	13	17	20	
4	17	18	22	21	
4	18	19	23	22	
4	19	20	24	23	
4	20	17	21	24	
3	21	22	25	
3	22	23	25	
3	23	24	25	
3	24	21	25	
4	26	27	31	30	
4	27	28	32	31	
4	28	29	33	32	
4	29	26	30	33	
4	30	31	35	34	
4	31	32	36	35	
4	32	33	37	36	
4	33	30	34	37	
3	34	35	38	
3	35	36	38	
3	36	37	38	
3	37	34	38	
4	47	3	2	42	
3	39	47	42	
4	39	42	43	41	
4	43	29	28	44	
3	41	43	44	
4	41	44	45	40	
4	45	16	15	46	
3	40	45	46	
4	40	46	47	39	
3	39	41	40	
4	56	1	0	51	
3	48	56	51	
4	48	51	52	49	
4	52	14	13	53	
3	49	52	53	
4	49	53	54	50	
4	54	27	26	55	
3	50	54	55	
4	50	55	56	48	
3	48	49	50	
4	1	56	42	2	
4	56	55	43	42	
4	55	26	29	43	
4	27	54	44	28	
4	54	53	45	44	
4	53	13	16	45	
4	14	52	46	15	
4	52	51	47	46	
4	51	0	3	47	
0
0
#END