threeParabolaDS
3
#ORIGINAL
51
3.33216220362	7.79339009755	-3.33216220362
-3.33216220362	7.79339009755	-3.33216220362
-3.33216220362	7.79339009755	3.33216220362
3.33216220362	7.79339009755	3.33216220362
2.22144146908	20.1303955989	-2.22144146908
-2.22144146908	20.1303955989	-2.22144146908
-2.22144146908	20.1303955989	2.22144146908
2.22144146908	20.1303955989	2.22144146908
1.11072073454	27.5325988997	-1.11072073454
-1.11072073454	27.5325988997	-1.11072073454
-1.11072073454	27.5325988997	1.11072073454
1.11072073454	27.5325988997	1.11072073454
0.0	30.0	0.0
5.08319270427	-6.78243216664	-3.33216220362
8.41535490789	-1.01095793091	-3.33216220362
8.41535490789	-1.01095793091	3.33216220362
5.08319270427	-6.78243216664	3.33216220362
16.3227132423	-11.9890225447	-2.22144146908
18.5441547114	-8.14137305421	-2.22144146908
18.5441547114	-8.14137305421	2.22144146908
16.3227132423	-11.9890225447	2.22144146908
23.2885697121	-14.7282118225	-1.11072073454
24.3992904466	-12.8043870772	-1.11072073454
24.3992904466	-12.8043870772	1.11072073454
23.2885697121	-14.7282118225	1.11072073454
25.9807621135	-15.0	0.0
-8.41535490789	-1.01095793091	-3.33216220362
-5.08319270427	-6.78243216664	-3.33216220362
-5.08319270427	-6.78243216664	3.33216220362
-8.41535490789	-1.01095793091	3.33216220362
-18.5441547114	-8.14137305421	-2.22144146908
-16.3227132423	-11.9890225447	-2.22144146908
-16.3227132423	-11.9890225447	2.22144146908
-18.5441547114	-8.14137305421	2.22144146908
-24.3992904466	-12.8043870772	-1.11072073454
-23.2885697121	-14.7282118225	-1.11072073454
-23.2885697121	-14.7282118225	1.11072073454
-24.3992904466	-12.8043870772	1.11072073454
-25.9807621135	-15.0	0.0
1.05101112998e-15	1.55867801951	3.66537842398
1.34985476122	-0.779339009755	3.66537842398
-1.34985476122	-0.779339009755	3.66537842398
-4.74649867213	2.74039228606	3.60984238725
2.22044604925e-15	-5.48078457212	3.60984238725
4.74649867213	2.74039228606	3.60984238725
1.11022302463e-15	1.55867801951	-3.66537842398
1.34985476122	-0.779339009755	-3.66537842398
-1.34985476122	-0.779339009755	-3.66537842398
4.74649867213	2.74039228606	-3.60984238725
1.7763568394e-15	-5.48078457212	-3.60984238725
-4.74649867213	2.74039228606	-3.60984238725
62
4	0	1	5	4	
4	1	2	6	5	
4	2	3	7	6	
4	3	0	4	7	
4	4	5	9	8	
4	5	6	10	9	
4	6	7	11	10	
4	7	4	8	11	
3	8	9	12	
3	9	10	12	
3	10	11	12	
3	11	8	12	
4	13	14	18	17	
4	14	15	19	18	
4	15	16	20	19	
4	16	13	17	20	
4	17	18	22	21	
4	18	19	23	22	
4	19	20	24	23	
4	20	17	21	24	
3	21	22	25	
3	22	23	25	
3	23	24	25	
3	24	21	25	
4	26	27	31	30	
4	27	28	32	31	
4	28	29	33	32	
4	29	26	30	33	
4	30	31	35	34	
4	31	32	36	35	
4	32	33	37	36	
4	33	30	34	37	
3	34	35	38	
3	35	36	38	
3	36	37	38	
3	37	34	38	
4	44	3	2	42	
3	39	44	42	
3	39	42	41	
4	42	29	28	43	
3	41	42	43	
3	41	43	40	
4	43	16	15	44	
3	40	43	44	
3	40	44	39	
3	39	41	40	
4	50	1	0	48	
3	45	50	48	
3	45	48	46	
4	48	14	13	49	
3	46	48	49	
3	46	49	47	
4	49	27	26	50	
3	47	49	50	
3	47	50	45	
3	45	46	47	
4	1	50	42	2	
4	50	26	29	42	
4	27	49	43	28	
4	49	13	16	43	
4	14	48	44	15	
4	48	0	3	44	
0
3
12	3
25	3
38	3
#END