threeHyperbolaDS
3
#ORIGINAL
60
8.26586394856	53.2039895545	24.7049855379
43.2039895545	18.2658639486	24.7049855379
43.2039895545	18.2658639486	-24.7049855379
8.26586394856	53.2039895545	-24.7049855379
41.6208416892	60.3154713542	6.14803159607
50.3154713542	51.6208416892	6.14803159607
50.3154713542	51.6208416892	-6.14803159607
41.6208416892	60.3154713542	-6.14803159607
49.6845286458	68.3791583108	6.14803159607
58.3791583108	59.6845286458	6.14803159607
58.3791583108	59.6845286458	-6.14803159607
49.6845286458	68.3791583108	-6.14803159607
56.7960104455	101.734136051	24.7049855379
91.7341360514	66.7960104455	24.7049855379
91.7341360514	66.7960104455	-24.7049855379
56.7960104455	101.734136051	-24.7049855379
43.2039895545	-18.2658639486	24.7049855379
8.26586394856	-53.2039895545	24.7049855379
8.26586394856	-53.2039895545	-24.7049855379
43.2039895545	-18.2658639486	-24.7049855379
50.3154713542	-51.6208416892	6.14803159607
41.6208416892	-60.3154713542	6.14803159607
41.6208416892	-60.3154713542	-6.14803159607
50.3154713542	-51.6208416892	-6.14803159607
58.3791583108	-59.6845286458	6.14803159607
49.6845286458	-68.3791583108	6.14803159607
49.6845286458	-68.3791583108	-6.14803159607
58.3791583108	-59.6845286458	-6.14803159607
91.7341360514	-66.7960104455	24.7049855379
56.7960104455	-101.734136051	24.7049855379
56.7960104455	-101.734136051	-24.7049855379
91.7341360514	-66.7960104455	-24.7049855379
-15.68400432	-24.7049855379	24.7049855379
-15.68400432	24.7049855379	24.7049855379
-15.68400432	24.7049855379	-24.7049855379
-15.68400432	-24.7049855379	-24.7049855379
-44.2981122716	-6.14803159607	6.14803159607
-44.2981122716	6.14803159607	6.14803159607
-44.2981122716	6.14803159607	-6.14803159607
-44.2981122716	-6.14803159607	-6.14803159607
-55.7018877284	-6.14803159607	6.14803159607
-55.7018877284	6.14803159607	6.14803159607
-55.7018877284	6.14803159607	-6.14803159607
-55.7018877284	-6.14803159607	-6.14803159607
-84.31599568	-24.7049855379	24.7049855379
-84.31599568	24.7049855379	24.7049855379
-84.31599568	24.7049855379	-24.7049855379
-84.31599568	-24.7049855379	-24.7049855379
13.6626746614	7.1469853503	29.5297935628
13.6626746614	-7.1469853503	29.5297935628
5.37888844711	-3.00648395068e-15	29.5297935628
-4.18315716463	40.0990347604	28.4163763262
-4.18315716463	-40.0990347604	28.4163763262
41.7816931945	3.5527136788e-15	28.4163763262
13.6626746614	7.1469853503	-29.5297935628
13.6626746614	-7.1469853503	-29.5297935628
5.37888844711	-3.82804898891e-15	-29.5297935628
41.7816931945	-7.1054273576e-15	-28.4163763262
-4.18315716463	-40.0990347604	-28.4163763262
-4.18315716463	40.0990347604	-28.4163763262
62
4	0	1	5	4	
4	1	2	6	5	
4	2	3	7	6	
4	3	0	4	7	
4	4	5	9	8	
4	5	6	10	9	
4	6	7	11	10	
4	7	4	8	11	
4	8	9	13	12	
4	9	10	14	13	
4	10	11	15	14	
4	11	8	12	15	
4	16	17	21	20	
4	17	18	22	21	
4	18	19	23	22	
4	19	16	20	23	
4	20	21	25	24	
4	21	22	26	25	
4	22	23	27	26	
4	23	20	24	27	
4	24	25	29	28	
4	25	26	30	29	
4	26	27	31	30	
4	27	24	28	31	
4	32	33	37	36	
4	33	34	38	37	
4	34	35	39	38	
4	35	32	36	39	
4	36	37	41	40	
4	37	38	42	41	
4	38	39	43	42	
4	39	36	40	43	
4	40	41	45	44	
4	41	42	46	45	
4	42	43	47	46	
4	43	40	44	47	
4	53	1	0	51	
3	48	53	51	
3	48	51	50	
4	51	33	32	52	
3	50	51	52	
3	50	52	49	
4	52	17	16	53	
3	49	52	53	
3	49	53	48	
3	48	50	49	
4	59	3	2	57	
3	54	59	57	
3	54	57	55	
4	57	19	18	58	
3	55	57	58	
3	55	58	56	
4	58	35	34	59	
3	56	58	59	
3	56	59	54	
3	54	55	56	
4	3	59	51	0	
4	59	34	33	51	
4	35	58	52	32	
4	58	18	17	52	
4	19	57	53	16	
4	57	2	1	53	
12
12	13
13	14
14	15
15	12
28	29
29	30
30	31
31	28
44	45
45	46
46	47
47	44
12
12	2
13	2
14	2
15	2
28	2
29	2
30	2
31	2
44	2
45	2
46	2
47	2
#END