threeHyperbola
3
#ORIGINAL
66
43.2039895545	18.2658639486	24.7049855379
8.26586394856	53.2039895545	24.7049855379
8.26586394856	53.2039895545	-24.7049855379
43.2039895545	18.2658639486	-24.7049855379
50.3154713542	51.6208416892	6.14803159607
41.6208416892	60.3154713542	6.14803159607
41.6208416892	60.3154713542	-6.14803159607
50.3154713542	51.6208416892	-6.14803159607
58.3791583108	59.6845286458	6.14803159607
49.6845286458	68.3791583108	6.14803159607
49.6845286458	68.3791583108	-6.14803159607
58.3791583108	59.6845286458	-6.14803159607
91.7341360514	66.7960104455	24.7049855379
56.7960104455	101.734136051	24.7049855379
56.7960104455	101.734136051	-24.7049855379
91.7341360514	66.7960104455	-24.7049855379
8.26586394856	-53.2039895545	24.7049855379
43.2039895545	-18.2658639486	24.7049855379
43.2039895545	-18.2658639486	-24.7049855379
8.26586394856	-53.2039895545	-24.7049855379
41.6208416892	-60.3154713542	6.14803159607
50.3154713542	-51.6208416892	6.14803159607
50.3154713542	-51.6208416892	-6.14803159607
41.6208416892	-60.3154713542	-6.14803159607
49.6845286458	-68.3791583108	6.14803159607
58.3791583108	-59.6845286458	6.14803159607
58.3791583108	-59.6845286458	-6.14803159607
49.6845286458	-68.3791583108	-6.14803159607
56.7960104455	-101.734136051	24.7049855379
91.7341360514	-66.7960104455	24.7049855379
91.7341360514	-66.7960104455	-24.7049855379
56.7960104455	-101.734136051	-24.7049855379
-15.68400432	24.7049855379	24.7049855379
-15.68400432	-24.7049855379	24.7049855379
-15.68400432	-24.7049855379	-24.7049855379
-15.68400432	24.7049855379	-24.7049855379
-44.2981122716	6.14803159607	6.14803159607
-44.2981122716	-6.14803159607	6.14803159607
-44.2981122716	-6.14803159607	-6.14803159607
-44.2981122716	6.14803159607	-6.14803159607
-55.7018877284	6.14803159607	6.14803159607
-55.7018877284	-6.14803159607	6.14803159607
-55.7018877284	-6.14803159607	-6.14803159607
-55.7018877284	6.14803159607	-6.14803159607
-84.31599568	24.7049855379	24.7049855379
-84.31599568	-24.7049855379	24.7049855379
-84.31599568	-24.7049855379	-24.7049855379
-84.31599568	24.7049855379	-24.7049855379
14.2037641263	10.7204780255	-33.4731462754
14.2037641263	-10.7204780255	-33.4731462754
1.7780848048	3.38581015077e-15	-33.4731462754
-1.15979319487	43.5898760616	-28.184414402
-7.14726026202	36.4651250574	-28.184414402
-7.14726026202	-36.4651250574	-28.184414402
-1.15979319487	-43.5898760616	-28.184414402
41.870586717	-4.56646598714	-28.184414402
41.870586717	4.56646598714	-28.184414402
14.2037641263	10.7204780255	33.4731462754
14.2037641263	-10.7204780255	33.4731462754
1.7780848048	3.78641562548e-15	33.4731462754
41.870586717	4.56646598714	28.184414402
41.870586717	-4.56646598714	28.184414402
-1.15979319487	-43.5898760616	28.184414402
-7.14726026202	-36.4651250574	28.184414402
-7.14726026202	36.4651250574	28.184414402
-1.15979319487	43.5898760616	28.184414402
65
4	0	1	5	4	
4	1	2	6	5	
4	2	3	7	6	
4	3	0	4	7	
4	4	5	9	8	
4	5	6	10	9	
4	6	7	11	10	
4	7	4	8	11	
4	8	9	13	12	
4	9	10	14	13	
4	10	11	15	14	
4	11	8	12	15	
4	16	17	21	20	
4	17	18	22	21	
4	18	19	23	22	
4	19	16	20	23	
4	20	21	25	24	
4	21	22	26	25	
4	22	23	27	26	
4	23	20	24	27	
4	24	25	29	28	
4	25	26	30	29	
4	26	27	31	30	
4	27	24	28	31	
4	32	33	37	36	
4	33	34	38	37	
4	34	35	39	38	
4	35	32	36	39	
4	36	37	41	40	
4	37	38	42	41	
4	38	39	43	42	
4	39	36	40	43	
4	40	41	45	44	
4	41	42	46	45	
4	42	43	47	46	
4	43	40	44	47	
4	56	3	2	51	
3	48	56	51	
4	48	51	52	50	
4	52	35	34	53	
3	50	52	53	
4	50	53	54	49	
4	54	19	18	55	
3	49	54	55	
4	49	55	56	48	
3	48	50	49	
4	65	1	0	60	
3	57	65	60	
4	57	60	61	58	
4	61	17	16	62	
3	58	61	62	
4	58	62	63	59	
4	63	33	32	64	
3	59	63	64	
4	59	64	65	57	
3	57	58	59	
4	1	65	51	2	
4	65	64	52	51	
4	64	32	35	52	
4	33	63	53	34	
4	63	62	54	53	
4	62	16	19	54	
4	17	61	55	18	
4	61	60	56	55	
4	60	0	3	56	
12
12	13
13	14
14	15
15	12
28	29
29	30
30	31
31	28
44	45
45	46
46	47
47	44
12
12	2
13	2
14	2
15	2
28	2
29	2
30	2
31	2
44	2
45	2
46	2
47	2
#END