threeCylinderNonFlatDS
3
#ORIGINAL
48
1.16516956321	0.665169563205	-1.25439921232
0.165169563205	1.66516956321	-1.25439921232
-0.21751386916	1.28248613084	0.0521637525537
0.78248613084	0.28248613084	0.0521637525537
2.19134171618	1.69134171618	-0.653281482438
1.19134171618	2.69134171618	-0.653281482438
0.808658283817	2.30865828382	0.653281482438
1.80865828382	1.30865828382	0.653281482438
3.21751386916	2.71751386916	-0.052163752554
2.21751386916	3.71751386916	-0.052163752554
1.83483043679	3.33483043679	1.25439921232
2.83483043679	2.33483043679	1.25439921232
0.165169563205	-1.66516956321	-1.25439921232
1.16516956321	-0.665169563205	-1.25439921232
0.78248613084	-0.28248613084	0.0521637525537
-0.21751386916	-1.28248613084	0.0521637525537
1.19134171618	-2.69134171618	-0.653281482438
2.19134171618	-1.69134171618	-0.653281482438
1.80865828382	-1.30865828382	0.653281482438
0.808658283817	-2.30865828382	0.653281482438
2.21751386916	-3.71751386916	-0.052163752554
3.21751386916	-2.71751386916	-0.052163752554
2.83483043679	-2.33483043679	1.25439921232
1.83483043679	-3.33483043679	1.25439921232
-1.819371474	0.707106781187	-1.25439921232
-1.819371474	-0.707106781187	-1.25439921232
-1.27817537386	-0.707106781187	0.0521637525537
-1.27817537386	0.707106781187	0.0521637525537
-3.27059805007	0.707106781187	-0.653281482438
-3.27059805007	-0.707106781187	-0.653281482438
-2.72940194993	-0.707106781187	0.653281482438
-2.72940194993	0.707106781187	0.653281482438
-4.72182462614	0.707106781187	-0.052163752554
-4.72182462614	-0.707106781187	-0.052163752554
-4.180628526	-0.707106781187	1.25439921232
-4.180628526	0.707106781187	1.25439921232
-0.185787140336	0.156497226168	-0.104126857216
-0.185787140336	-0.156497226168	-0.104126857216
-0.497919441275	-2.61272485128e-16	-0.104126857216
-0.694712818622	0.866524936891	-0.0981156799174
-0.694712818622	-0.866524936891	-0.0981156799174
0.525943092596	-2.77555756156e-16	-0.0981156799174
-0.174868790414	0.116516956321	-1.53842733969
-0.174868790414	-0.116516956321	-1.53842733969
-0.423322894135	-3.96904731303e-17	-1.53842733969
0.754700702014	0.0	-1.49484630428
-0.74209007078	-0.9809037416	-1.49484630428
-0.74209007078	0.9809037416	-1.49484630428
50
4	0	1	5	4	
4	1	2	6	5	
4	2	3	7	6	
4	3	0	4	7	
4	4	5	9	8	
4	5	6	10	9	
4	6	7	11	10	
4	7	4	8	11	
4	12	13	17	16	
4	13	14	18	17	
4	14	15	19	18	
4	15	12	16	19	
4	16	17	21	20	
4	17	18	22	21	
4	18	19	23	22	
4	19	16	20	23	
4	24	25	29	28	
4	25	26	30	29	
4	26	27	31	30	
4	27	24	28	31	
4	28	29	33	32	
4	29	30	34	33	
4	30	31	35	34	
4	31	28	32	35	
4	41	3	2	39	
3	36	41	39	
3	36	39	38	
4	39	27	26	40	
3	38	39	40	
3	38	40	37	
4	40	15	14	41	
3	37	40	41	
3	37	41	36	
3	36	38	37	
4	47	1	0	45	
3	42	47	45	
3	42	45	43	
4	45	13	12	46	
3	43	45	46	
3	43	46	44	
4	46	25	24	47	
3	44	46	47	
3	44	47	42	
3	42	43	44	
4	1	47	39	2	
4	47	24	27	39	
4	25	46	40	26	
4	46	12	15	40	
4	13	45	41	14	
4	45	0	3	41	
12
8	9
9	10
10	11
11	8
20	21
21	22
22	23
23	20
32	33
33	34
34	35
35	32
12
8	2
9	2
10	2
11	2
20	2
21	2
22	2
23	2
32	2
33	2
34	2
35	2
#END