threeCylinder
3
#ORIGINAL
54
0.88927926546	0.38927926546	-0.707106781187
-0.11072073454	1.38927926546	-0.707106781187
-0.11072073454	1.38927926546	0.707106781187
0.88927926546	0.38927926546	0.707106781187
2.0	1.5	-0.707106781187
1.0	2.5	-0.707106781187
1.0	2.5	0.707106781187
2.0	1.5	0.707106781187
3.11072073454	2.61072073454	-0.707106781187
2.11072073454	3.61072073454	-0.707106781187
2.11072073454	3.61072073454	0.707106781187
3.11072073454	2.61072073454	0.707106781187
-0.11072073454	-1.38927926546	-0.707106781187
0.88927926546	-0.38927926546	-0.707106781187
0.88927926546	-0.38927926546	0.707106781187
-0.11072073454	-1.38927926546	0.707106781187
1.0	-2.5	-0.707106781187
2.0	-1.5	-0.707106781187
2.0	-1.5	0.707106781187
1.0	-2.5	0.707106781187
2.11072073454	-3.61072073454	-0.707106781187
3.11072073454	-2.61072073454	-0.707106781187
3.11072073454	-2.61072073454	0.707106781187
2.11072073454	-3.61072073454	0.707106781187
-1.4292036732	0.707106781187	-0.707106781187
-1.4292036732	-0.707106781187	-0.707106781187
-1.4292036732	-0.707106781187	0.707106781187
-1.4292036732	0.707106781187	0.707106781187
-3.0	0.707106781187	-0.707106781187
-3.0	-0.707106781187	-0.707106781187
-3.0	-0.707106781187	0.707106781187
-3.0	0.707106781187	0.707106781187
-4.57079632679	0.707106781187	-0.707106781187
-4.57079632679	-0.707106781187	-0.707106781187
-4.57079632679	-0.707106781187	0.707106781187
-4.57079632679	0.707106781187	0.707106781187
-0.180664808975	0.088927926546	0.707106781187
-0.180664808975	-0.088927926546	0.707106781187
-0.362513102841	-9.29811783124e-17	0.707106781187
-0.562019749765	1.02933451499	0.707106781187
-0.891640484431	0.858791393926	0.707106781187
-0.891640484431	-0.858791393926	0.707106781187
-0.562019749765	-1.02933451499	0.707106781187
0.681019127734	-0.097319816365	0.707106781187
0.681019127734	0.097319816365	0.707106781187
-0.180664808975	0.088927926546	-0.707106781187
-0.180664808975	-0.088927926546	-0.707106781187
-0.362513102841	-9.29811783124e-17	-0.707106781187
0.681019127734	0.097319816365	-0.707106781187
0.681019127734	-0.097319816365	-0.707106781187
-0.562019749765	-1.02933451499	-0.707106781187
-0.891640484431	-0.858791393926	-0.707106781187
-0.891640484431	0.858791393926	-0.707106781187
-0.562019749765	1.02933451499	-0.707106781187
53
4	0	1	5	4	
4	1	2	6	5	
4	2	3	7	6	
4	3	0	4	7	
4	4	5	9	8	
4	5	6	10	9	
4	6	7	11	10	
4	7	4	8	11	
4	12	13	17	16	
4	13	14	18	17	
4	14	15	19	18	
4	15	12	16	19	
4	16	17	21	20	
4	17	18	22	21	
4	18	19	23	22	
4	19	16	20	23	
4	24	25	29	28	
4	25	26	30	29	
4	26	27	31	30	
4	27	24	28	31	
4	28	29	33	32	
4	29	30	34	33	
4	30	31	35	34	
4	31	28	32	35	
4	44	3	2	39	
3	36	44	39	
4	36	39	40	38	
4	40	27	26	41	
3	38	40	41	
4	38	41	42	37	
4	42	15	14	43	
3	37	42	43	
4	37	43	44	36	
3	36	38	37	
4	53	1	0	48	
3	45	53	48	
4	45	48	49	46	
4	49	13	12	50	
3	46	49	50	
4	46	50	51	47	
4	51	25	24	52	
3	47	51	52	
4	47	52	53	45	
3	45	46	47	
4	1	53	39	2	
4	53	52	40	39	
4	52	24	27	40	
4	25	51	41	26	
4	51	50	42	41	
4	50	12	15	42	
4	13	49	43	14	
4	49	48	44	43	
4	48	0	3	44	
12
8	9
9	10
10	11
11	8
20	21
21	22
22	23
23	20
32	33
33	34
34	35
35	32
12
8	2
9	2
10	2
11	2
20	2
21	2
22	2
23	2
32	2
33	2
34	2
35	2
#END