threeHyperbolaCC
3
#ORIGINAL
66
28.2658639486	73.2039895545	24.7049855379
63.2039895545	38.2658639486	24.7049855379
63.2039895545	38.2658639486	-24.7049855379
28.2658639486	73.2039895545	-24.7049855379
61.6208416892	80.3154713542	6.14803159607
70.3154713542	71.6208416892	6.14803159607
70.3154713542	71.6208416892	-6.14803159607
61.6208416892	80.3154713542	-6.14803159607
69.6845286458	88.3791583108	6.14803159607
78.3791583108	79.6845286458	6.14803159607
78.3791583108	79.6845286458	-6.14803159607
69.6845286458	88.3791583108	-6.14803159607
76.7960104455	121.734136051	24.7049855379
111.734136051	86.7960104455	24.7049855379
111.734136051	86.7960104455	-24.7049855379
76.7960104455	121.734136051	-24.7049855379
63.2039895545	-38.2658639486	24.7049855379
28.2658639486	-73.2039895545	24.7049855379
28.2658639486	-73.2039895545	-24.7049855379
63.2039895545	-38.2658639486	-24.7049855379
70.3154713542	-71.6208416892	6.14803159607
61.6208416892	-80.3154713542	6.14803159607
61.6208416892	-80.3154713542	-6.14803159607
70.3154713542	-71.6208416892	-6.14803159607
78.3791583108	-79.6845286458	6.14803159607
69.6845286458	-88.3791583108	6.14803159607
69.6845286458	-88.3791583108	-6.14803159607
78.3791583108	-79.6845286458	-6.14803159607
111.734136051	-86.7960104455	24.7049855379
76.7960104455	-121.734136051	24.7049855379
76.7960104455	-121.734136051	-24.7049855379
111.734136051	-86.7960104455	-24.7049855379
-35.68400432	-24.7049855379	24.7049855379
-35.68400432	24.7049855379	24.7049855379
-35.68400432	24.7049855379	-24.7049855379
-35.68400432	-24.7049855379	-24.7049855379
-64.2981122716	-6.14803159607	6.14803159607
-64.2981122716	6.14803159607	6.14803159607
-64.2981122716	6.14803159607	-6.14803159607
-64.2981122716	-6.14803159607	-6.14803159607
-75.7018877284	-6.14803159607	6.14803159607
-75.7018877284	6.14803159607	6.14803159607
-75.7018877284	6.14803159607	-6.14803159607
-75.7018877284	-6.14803159607	-6.14803159607
-104.31599568	-24.7049855379	24.7049855379
-104.31599568	24.7049855379	24.7049855379
-104.31599568	24.7049855379	-24.7049855379
-104.31599568	-24.7049855379	-24.7049855379
21.6527414814	11.1469853503	35.839157903
21.6527414814	-11.1469853503	35.839157903
5.36895526705	-3.68594044176e-15	35.839157903
3.39575026241	57.1628890749	31.6638432661
-12.5917168047	45.0381380707	31.6638432661
-12.5917168047	-45.0381380707	31.6638432661
3.39575026241	-57.1628890749	31.6638432661
60.5371838796	-9.56646598714	31.6638432661
60.5371838796	9.56646598714	31.6638432661
21.6527414814	11.1469853503	-35.839157903
21.6527414814	-11.1469853503	-35.839157903
5.36895526705	-9.56272098544e-15	-35.839157903
60.5371838796	9.56646598714	-31.6638432661
60.5371838796	-9.56646598714	-31.6638432661
3.39575026241	-57.1628890749	-31.6638432661
-12.5917168047	-45.0381380707	-31.6638432661
-12.5917168047	45.0381380707	-31.6638432661
3.39575026241	57.1628890749	-31.6638432661
65
4	0	1	5	4	
4	1	2	6	5	
4	2	3	7	6	
4	3	0	4	7	
4	4	5	9	8	
4	5	6	10	9	
4	6	7	11	10	
4	7	4	8	11	
4	8	9	13	12	
4	9	10	14	13	
4	10	11	15	14	
4	11	8	12	15	
4	16	17	21	20	
4	17	18	22	21	
4	18	19	23	22	
4	19	16	20	23	
4	20	21	25	24	
4	21	22	26	25	
4	22	23	27	26	
4	23	20	24	27	
4	24	25	29	28	
4	25	26	30	29	
4	26	27	31	30	
4	27	24	28	31	
4	32	33	37	36	
4	33	34	38	37	
4	34	35	39	38	
4	35	32	36	39	
4	36	37	41	40	
4	37	38	42	41	
4	38	39	43	42	
4	39	36	40	43	
4	40	41	45	44	
4	41	42	46	45	
4	42	43	47	46	
4	43	40	44	47	
4	56	1	0	51	
3	48	56	51	
4	48	51	52	50	
4	52	33	32	53	
3	50	52	53	
4	50	53	54	49	
4	54	17	16	55	
3	49	54	55	
4	49	55	56	48	
3	48	50	49	
4	65	3	2	60	
3	57	65	60	
4	57	60	61	58	
4	61	19	18	62	
3	58	61	62	
4	58	62	63	59	
4	63	35	34	64	
3	59	63	64	
4	59	64	65	57	
3	57	58	59	
4	3	65	51	0	
4	65	64	52	51	
4	64	34	33	52	
4	35	63	53	32	
4	63	62	54	53	
4	62	18	17	54	
4	19	61	55	16	
4	61	60	56	55	
4	60	2	1	56	
12
12	13
13	14
14	15
15	12
28	29
29	30
30	31
31	28
44	45
45	46
46	47
47	44
12
12	2
13	2
14	2
15	2
28	2
29	2
30	2
31	2
44	2
45	2
46	2
47	2
#END